 &plot nbnd=  64, nks=   121 /
            0.000000  0.000000  0.000000
  -65.639  -32.611  -32.610  -32.608   -8.288   -6.447   -6.443   -6.361   -6.181   -5.756
   -5.659   -5.644    0.882    1.285    1.287    1.559    2.560    2.572    3.142    3.305
    3.316    3.851    4.530    4.585    4.587    5.067    5.068    5.267    5.766    5.774
    5.914    6.132    6.132    6.678    6.693    6.701   10.632   12.230   12.235   12.412
   12.471   12.483   12.700   13.774   14.749   14.753   15.073   16.520   16.534   16.891
   17.077   17.279   17.490   17.500   18.003   18.008   18.577   18.592   18.689   19.116
   19.120   19.457   20.088   20.096
            0.000002  0.000001  0.031365
  -65.639  -32.611  -32.610  -32.608   -8.286   -6.446   -6.442   -6.361   -6.184   -5.756
   -5.660   -5.645    0.890    1.281    1.283    1.554    2.550    2.562    3.136    3.315
    3.326    3.858    4.532    4.589    4.591    5.074    5.075    5.276    5.766    5.773
    5.912    6.130    6.131    6.677    6.679    6.700   10.645   12.228   12.233   12.407
   12.461   12.472   12.690   13.782   14.768   14.773   15.087   16.511   16.525   16.879
   17.072   17.286   17.494   17.504   18.002   18.007   18.576   18.591   18.693   19.104
   19.107   19.430   20.079   20.087
            0.000003  0.000002  0.062729
  -65.639  -32.611  -32.610  -32.608   -8.279   -6.442   -6.439   -6.363   -6.194   -5.757
   -5.663   -5.648    0.914    1.268    1.270    1.539    2.522    2.533    3.116    3.345
    3.355    3.880    4.537    4.599    4.601    5.094    5.095    5.301    5.765    5.772
    5.904    6.126    6.127    6.634    6.675    6.697   10.682   12.217   12.224   12.391
   12.434   12.444   12.664   13.805   14.826   14.831   15.130   16.482   16.496   16.846
   17.060   17.307   17.505   17.515   17.999   18.004   18.572   18.587   18.703   19.068
   19.072   19.354   20.053   20.061
            0.000005  0.000003  0.094094
  -65.639  -32.611  -32.610  -32.608   -8.267   -6.437   -6.433   -6.368   -6.209   -5.759
   -5.667   -5.652    0.954    1.249    1.251    1.516    2.477    2.488    3.085    3.392
    3.403    3.917    4.546    4.615    4.617    5.127    5.127    5.340    5.763    5.771
    5.890    6.119    6.120    6.563    6.671    6.694   10.741   12.192   12.200   12.357
   12.403   12.410   12.635   13.837   14.915   14.921   15.198   16.436   16.450   16.792
   17.041   17.342   17.523   17.533   17.996   18.000   18.562   18.578   18.718   19.014
   19.016   19.238   20.012   20.019
            0.000007  0.000004  0.125459
  -65.639  -32.611  -32.610  -32.608   -8.251   -6.429   -6.425   -6.378   -6.225   -5.761
   -5.674   -5.658    1.009    1.225    1.226    1.485    2.417    2.428    3.042    3.456
    3.467    3.969    4.558    4.636    4.638    5.170    5.171    5.391    5.760    5.768
    5.872    6.111    6.112    6.468    6.666    6.688   10.821   12.144   12.154   12.301
   12.382   12.386   12.615   13.870   15.030   15.037   15.291   16.374   16.388   16.722
   17.016   17.391   17.546   17.556   17.994   17.998   18.543   18.559   18.734   18.947
   18.948   19.097   19.958   19.964
            0.000009  0.000005  0.156823
  -65.639  -32.611  -32.610  -32.608   -8.231   -6.418   -6.415   -6.396   -6.239   -5.765
   -5.682   -5.666    1.078    1.197    1.198    1.448    2.346    2.357    2.990    3.534
    3.545    4.034    4.573    4.659    4.662    5.223    5.223    5.450    5.755    5.763
    5.849    6.100    6.101    6.352    6.660    6.682   10.917   12.074   12.085   12.227
   12.374   12.377   12.608   13.900   15.162   15.170   15.405   16.300   16.313   16.640
   16.989   17.452   17.572   17.583   17.995   17.998   18.508   18.523   18.747   18.877
   18.879   18.940   19.894   19.899
            0.000010  0.000006  0.188188
  -65.639  -32.611  -32.610  -32.608   -8.205   -6.427   -6.406   -6.403   -6.248   -5.769
   -5.692   -5.675    1.157    1.167    1.169    1.410    2.267    2.277    2.932    3.625
    3.636    4.111    4.592    4.685    4.687    5.281    5.281    5.511    5.748    5.756
    5.821    6.089    6.090    6.220    6.652    6.674   11.027   11.992   12.003   12.142
   12.376   12.379   12.610   13.922   15.304   15.313   15.535   16.218   16.231   16.550
   16.959   17.527   17.599   17.611   17.999   18.001   18.453   18.466   18.719   18.809
   18.816   18.821   19.825   19.828
            0.000012  0.000007  0.219553
  -65.639  -32.611  -32.610  -32.608   -8.176   -6.469   -6.392   -6.390   -6.250   -5.774
   -5.704   -5.686    1.136    1.137    1.247    1.376    2.181    2.192    2.869    3.726
    3.737    4.198    4.614    4.712    4.715    5.342    5.342    5.570    5.738    5.746
    5.789    6.074    6.079    6.080    6.644    6.666   11.147   11.907   11.917   12.056
   12.383   12.385   12.618   13.935   15.445   15.456   15.677   16.136   16.149   16.460
   16.928   17.611   17.625   17.635   18.000   18.003   18.388   18.397   18.567   18.767
   18.770   18.797   19.752   19.754
            0.000014  0.000008  0.250917
  -65.639  -32.611  -32.610  -32.608   -8.142   -6.521   -6.376   -6.374   -6.246   -5.779
   -5.717   -5.699    1.107    1.107    1.288    1.400    2.092    2.102    2.803    3.835
    3.846    4.293    4.640    4.741    4.744    5.403    5.403    5.610    5.724    5.733
    5.754    5.939    6.065    6.067    6.635    6.657   11.275   11.825   11.834   11.973
   12.391   12.392   12.629   13.938   15.570   15.583   15.824   16.067   16.081   16.373
   16.901   17.639   17.653   17.713   17.985   17.990   18.336   18.338   18.390   18.729
   18.735   18.796   19.680   19.681
            0.000015  0.000009  0.282282
  -65.639  -32.611  -32.610  -32.608   -8.104   -6.581   -6.358   -6.357   -6.239   -5.786
   -5.732   -5.713    1.080    1.080    1.257    1.507    2.001    2.010    2.738    3.951
    3.963    4.395    4.668    4.772    4.775    5.460    5.460    5.586    5.703    5.716
    5.717    5.852    6.054    6.056    6.626    6.647   11.406   11.750   11.759   11.898
   12.397   12.398   12.639   13.928   15.649   15.660   15.968   16.043   16.055   16.298
   16.878   17.645   17.659   17.822   17.940   17.948   18.210   18.321   18.325   18.698
   18.707   18.790   19.611   19.611
            0.000017  0.000010  0.313647
  -65.639  -32.611  -32.610  -32.608   -8.062   -6.647   -6.339   -6.338   -6.230   -5.793
   -5.748   -5.728    1.057    1.057    1.217    1.635    1.909    1.918    2.676    4.073
    4.084    4.501    4.699    4.805    4.808    5.457    5.512    5.514    5.667    5.689
    5.694    5.851    6.044    6.046    6.616    6.637   11.538   11.687   11.695   11.836
   12.399   12.399   12.647   13.905   15.653   15.660   16.082   16.088   16.099   16.257
   16.864   17.631   17.645   17.882   17.892   17.942   18.035   18.343   18.352   18.674
   18.685   18.774   19.546   19.547
            0.000019  0.000011  0.345011
  -65.639  -32.611  -32.610  -32.608   -8.015   -6.717   -6.319   -6.318   -6.219   -5.801
   -5.765   -5.745    1.038    1.039    1.177    1.773    1.818    1.827    2.618    4.197
    4.209    4.609    4.733    4.838    4.842    5.286    5.554    5.555    5.623    5.663
    5.670    5.882    6.035    6.037    6.607    6.628   11.636   11.644   11.661   11.795
   12.393   12.394   12.651   13.871   15.609   15.613   16.107   16.169   16.169   16.317
   16.862   17.592   17.606   17.845   17.855   17.867   18.071   18.377   18.389   18.665
   18.678   18.746   19.488   19.489
            0.000021  0.000012  0.376376
  -65.639  -32.611  -32.610  -32.608   -7.965   -6.791   -6.299   -6.296   -6.207   -5.810
   -5.783   -5.762    1.024    1.026    1.139    1.730    1.738    1.917    2.567    4.324
    4.336    4.716    4.770    4.874    4.877    5.099    5.571    5.581    5.588    5.636
    5.645    5.915    6.027    6.029    6.598    6.618   11.604   11.610   11.713   11.834
   12.379   12.379   12.651   13.826   15.553   15.556   16.076   16.236   16.240   16.425
   16.874   17.541   17.555   17.712   17.836   17.846   18.208   18.396   18.408   18.687
   18.699   18.705   19.379   19.441
            0.000022  0.000013  0.407740
  -65.639  -32.611  -32.610  -32.608   -7.912   -6.867   -6.278   -6.274   -6.195   -5.820
   -5.801   -5.780    1.016    1.018    1.104    1.645    1.652    2.060    2.531    4.452
    4.463    4.807    4.810    4.910    4.914    4.920    5.523    5.581    5.586    5.625
    5.633    5.940    6.019    6.021    6.589    6.609   11.587   11.592   11.704   11.944
   12.354   12.355   12.644   13.773   15.504   15.507   16.047   16.271   16.275   16.521
   16.898   17.505   17.518   17.579   17.846   17.857   18.352   18.388   18.398   18.650
   18.742   18.750   19.271   19.408
            0.000024  0.000014  0.439105
  -65.639  -32.611  -32.610  -32.608   -7.855   -6.945   -6.257   -6.252   -6.183   -5.833
   -5.817   -5.798    1.014    1.017    1.073    1.564    1.570    2.186    2.526    4.578
    4.589    4.685    4.852    4.945    4.948    4.952    5.472    5.553    5.555    5.627
    5.632    5.956    6.012    6.014    6.581    6.601   11.587   11.591   11.699   12.053
   12.317   12.318   12.635   13.715   15.470   15.473   16.028   16.262   16.267   16.598
   16.919   17.480   17.500   17.513   17.866   17.877   18.362   18.367   18.507   18.585
   18.809   18.813   19.176   19.397
            0.000026  0.000015  0.470470
  -65.639  -32.611  -32.610  -32.608   -7.795   -7.024   -6.237   -6.230   -6.171   -5.849
   -5.829   -5.816    1.018    1.022    1.046    1.488    1.494    2.260    2.586    4.484
    4.702    4.712    4.896    4.986    4.990    5.043    5.419    5.516    5.518    5.620
    5.624    5.962    6.008    6.009    6.573    6.593   11.604   11.608   11.708   12.144
   12.269   12.270   12.627   13.654   15.454   15.458   16.020   16.213   16.217   16.656
   16.918   17.429   17.524   17.535   17.889   17.901   18.330   18.335   18.516   18.664
   18.864   18.866   19.093   19.417
            0.000027  0.000016  0.501834
  -65.639  -32.611  -32.610  -32.608   -7.732   -7.102   -6.219   -6.209   -6.160   -5.867
   -5.839   -5.833    1.023    1.028    1.033    1.418    1.423    2.275    2.718    4.279
    4.819    4.829    4.943    5.026    5.029    5.135    5.366    5.475    5.478    5.600
    5.603    5.958    6.005    6.005    6.566    6.586   11.638   11.641   11.727   12.205
   12.209   12.212   12.629   13.594   15.458   15.462   16.022   16.136   16.139   16.689
   16.898   17.420   17.567   17.576   17.908   17.921   18.304   18.308   18.454   18.825
   18.893   18.895   19.022   19.478
            0.000029  0.000017  0.533199
  -65.639  -32.611  -32.610  -32.608   -7.668   -7.178   -6.202   -6.190   -6.151   -5.883
   -5.848   -5.846    1.006    1.044    1.049    1.355    1.360    2.268    2.885    4.073
    4.927    4.935    4.991    5.068    5.071    5.216    5.312    5.432    5.437    5.568
    5.571    5.946    6.003    6.003    6.560    6.580   11.685   11.688   11.756   12.140
   12.142   12.232   12.650   13.539   15.480   15.486   16.031   16.047   16.047   16.682
   16.897   17.429   17.618   17.625   17.915   17.932   18.290   18.295   18.407   18.897
   18.900   18.961   18.990   19.574
            0.000031  0.000018  0.564564
  -65.639  -32.611  -32.610  -32.608   -7.605   -7.250   -6.190   -6.174   -6.144   -5.897
   -5.859   -5.851    0.994    1.063    1.070    1.302    1.306    2.257    3.068    3.868
    5.014    5.016    5.040    5.120    5.122    5.258    5.281    5.385    5.393    5.531
    5.536    5.932    6.003    6.003    6.556    6.575   11.744   11.746   11.788   12.065
   12.068   12.228   12.682   13.493   15.517   15.524   15.953   15.954   16.047   16.643
   16.922   17.434   17.668   17.672   17.907   17.928   18.290   18.296   18.380   18.888
   18.891   18.913   19.155   19.694
            0.000033  0.000019  0.595928
  -65.639  -32.611  -32.610  -32.608   -7.549   -7.312   -6.181   -6.164   -6.140   -5.906
   -5.867   -5.855    0.986    1.082    1.089    1.263    1.266    2.249    3.257    3.666
    5.060    5.062    5.088    5.188    5.193    5.208    5.321    5.333    5.342    5.499
    5.506    5.919    6.003    6.003    6.553    6.572   11.808   11.812   11.814   11.990
   11.994   12.213   12.711   13.462   15.558   15.568   15.876   15.878   16.060   16.607
   16.949   17.432   17.709   17.709   17.891   17.915   18.297   18.304   18.368   18.876
   18.879   18.881   19.314   19.694
            0.000034  0.000020  0.627293
  -65.639  -32.611  -32.610  -32.608   -7.522   -7.341   -6.178   -6.160   -6.139   -5.910
   -5.870   -5.856    0.983    1.090    1.098    1.247    1.250    2.246    3.415    3.504
    5.073    5.076    5.120    5.173    5.251    5.257    5.269    5.295    5.341    5.486
    5.494    5.914    6.003    6.003    6.552    6.572   11.824   11.850   11.857   11.941
   11.949   12.205   12.722   13.450   15.579   15.590   15.841   15.845   16.065   16.592
   16.961   17.430   17.723   17.726   17.881   17.908   18.300   18.308   18.366   18.868
   18.871   18.876   19.418   19.592
            0.033368  0.000023  0.627295
  -65.639  -32.611  -32.610  -32.608   -7.520   -7.339   -6.179   -6.162   -6.140   -5.915
   -5.873   -5.851    0.988    1.094    1.104    1.251    1.255    2.250    3.415    3.504
    5.049    5.061    5.107    5.148    5.247    5.259    5.283    5.314    5.347    5.489
    5.495    5.910    6.001    6.001    6.549    6.570   11.833   11.856   11.866   11.949
   11.956   12.213   12.730   13.456   15.582   15.594   15.843   15.846   16.069   16.585
   16.949   17.408   17.730   17.742   17.875   17.905   18.289   18.299   18.358   18.855
   18.869   18.879   19.430   19.595
            0.066701  0.000027  0.627296
  -65.639  -32.611  -32.610  -32.608   -7.513   -7.333   -6.183   -6.168   -6.145   -5.928
   -5.877   -5.843    1.003    1.106    1.121    1.263    1.271    2.263    3.413    3.501
    4.975    5.029    5.083    5.099    5.226    5.262    5.307    5.344    5.369    5.489
    5.507    5.896    5.994    5.997    6.539    6.565   11.856   11.874   11.892   11.969
   11.980   12.234   12.754   13.471   15.592   15.605   15.844   15.855   16.077   16.559
   16.917   17.358   17.741   17.778   17.858   17.897   18.247   18.287   18.337   18.829
   18.863   18.882   19.462   19.602
            0.100034  0.000031  0.627298
  -65.639  -32.611  -32.610  -32.608   -7.502   -7.323   -6.192   -6.174   -6.153   -5.947
   -5.880   -5.836    1.026    1.126    1.151    1.281    1.299    2.285    3.409    3.498
    4.874    4.979    5.034    5.060    5.195    5.257    5.324    5.368    5.403    5.493
    5.527    5.868    5.982    5.993    6.525    6.558   11.890   11.904   11.936   12.001
   12.022   12.270   12.793   13.496   15.608   15.622   15.844   15.868   16.089   16.510
   16.880   17.296   17.752   17.809   17.834   17.886   18.185   18.272   18.307   18.799
   18.861   18.883   19.506   19.612
            0.133368  0.000034  0.627300
  -65.639  -32.611  -32.610  -32.608   -7.486   -7.309   -6.208   -6.182   -6.164   -5.968
   -5.881   -5.831    1.057    1.153    1.192    1.307    1.337    2.314    3.404    3.492
    4.757    4.905    4.983    5.023    5.157    5.238    5.335    5.392    5.432    5.502
    5.553    5.826    5.964    5.985    6.508    6.550   11.932   11.950   11.996   12.046
   12.081   12.318   12.844   13.529   15.629   15.643   15.844   15.885   16.102   16.436
   16.850   17.229   17.740   17.798   17.836   17.874   18.122   18.252   18.274   18.773
   18.864   18.886   19.553   19.625
            0.166701  0.000038  0.627301
  -65.639  -32.611  -32.610  -32.608   -7.466   -7.291   -6.230   -6.195   -6.175   -5.990
   -5.882   -5.828    1.095    1.188    1.244    1.342    1.384    2.351    3.396    3.483
    4.629    4.813    4.936    4.982    5.115    5.209    5.345    5.412    5.454    5.512
    5.582    5.774    5.939    5.973    6.491    6.541   11.981   12.009   12.062   12.110
   12.155   12.379   12.906   13.568   15.652   15.665   15.841   15.901   16.113   16.337
   16.835   17.158   17.692   17.765   17.836   17.871   18.081   18.224   18.251   18.756
   18.867   18.897   19.596   19.641
            0.200034  0.000041  0.627303
  -65.639  -32.611  -32.610  -32.608   -7.442   -7.270   -6.256   -6.216   -6.188   -6.011
   -5.882   -5.826    1.137    1.230    1.306    1.385    1.441    2.395    3.384    3.471
    4.491    4.707    4.891    4.939    5.071    5.175    5.354    5.426    5.472    5.518
    5.611    5.717    5.904    5.954    6.476    6.532   12.040   12.079   12.131   12.191
   12.244   12.450   12.975   13.612   15.675   15.685   15.832   15.914   16.124   16.224
   16.837   17.081   17.620   17.728   17.813   17.870   18.079   18.191   18.238   18.748
   18.865   18.923   19.623   19.667
            0.233368  0.000045  0.627305
  -65.639  -32.611  -32.610  -32.608   -7.414   -7.245   -6.286   -6.241   -6.206   -6.030
   -5.882   -5.824    1.182    1.279    1.377    1.438    1.506    2.445    3.368    3.455
    4.347    4.592    4.846    4.896    5.027    5.139    5.359    5.433    5.484    5.516
    5.638    5.663    5.861    5.931    6.459    6.527   12.107   12.158   12.206   12.282
   12.347   12.533   13.049   13.657   15.682   15.708   15.815   15.919   16.107   16.136
   16.849   16.998   17.543   17.703   17.779   17.850   18.102   18.171   18.232   18.745
   18.859   18.963   19.632   19.698
            0.266701  0.000049  0.627306
  -65.639  -32.611  -32.610  -32.608   -7.381   -7.216   -6.319   -6.271   -6.229   -6.045
   -5.881   -5.821    1.231    1.332    1.455    1.501    1.579    2.500    3.347    3.433
    4.198    4.472    4.804    4.853    4.985    5.103    5.360    5.431    5.480    5.510
    5.623    5.662    5.811    5.904    6.439    6.527   12.182   12.245   12.288   12.379
   12.463   12.624   13.122   13.700   15.667   15.726   15.792   15.909   15.999   16.153
   16.864   16.910   17.481   17.697   17.741   17.816   18.090   18.198   18.244   18.746
   18.853   19.012   19.632   19.722
            0.300034  0.000052  0.627308
  -65.639  -32.611  -32.610  -32.608   -7.345   -7.185   -6.355   -6.305   -6.257   -6.059
   -5.879   -5.817    1.284    1.389    1.540    1.573    1.657    2.559    3.318    3.406
    4.047    4.349    4.763    4.813    4.946    5.068    5.355    5.421    5.440    5.515
    5.603    5.680    5.761    5.876    6.414    6.532   12.263   12.339   12.378   12.477
   12.587   12.723   13.194   13.739   15.622   15.722   15.775   15.860   15.930   16.174
   16.810   16.886   17.451   17.690   17.719   17.784   18.057   18.209   18.313   18.745
   18.849   19.070   19.624   19.732
            0.333368  0.000056  0.627310
  -65.639  -32.611  -32.610  -32.608   -7.305   -7.150   -6.393   -6.342   -6.291   -6.071
   -5.876   -5.812    1.339    1.448    1.630    1.654    1.740    2.620    3.280    3.371
    3.895    4.226    4.727    4.775    4.911    5.036    5.338    5.388    5.409    5.520
    5.594    5.683    5.725    5.847    6.386    6.540   12.350   12.438   12.476   12.576
   12.715   12.828   13.259   13.771   15.543   15.687   15.736   15.826   15.887   16.199
   16.712   16.903   17.455   17.651   17.718   17.784   18.024   18.209   18.407   18.741
   18.849   19.131   19.610   19.725
            0.366701  0.000059  0.627312
  -65.639  -32.611  -32.610  -32.608   -7.262   -7.113   -6.433   -6.381   -6.327   -6.085
   -5.872   -5.805    1.397    1.507    1.723    1.742    1.827    2.680    3.233    3.328
    3.745    4.107    4.695    4.741    4.881    5.008    5.300    5.344    5.394    5.520
    5.590    5.652    5.720    5.823    6.355    6.551   12.440   12.540   12.579   12.673
   12.846   12.937   13.317   13.794   15.438   15.612   15.694   15.830   15.836   16.225
   16.615   16.923   17.483   17.611   17.690   17.832   17.997   18.208   18.509   18.735
   18.855   19.193   19.591   19.700
            0.400034  0.000063  0.627313
  -65.639  -32.611  -32.610  -32.608   -7.215   -7.074   -6.474   -6.421   -6.365   -6.099
   -5.865   -5.798    1.458    1.568    1.817    1.834    1.916    2.737    3.175    3.278
    3.601    3.993    4.668    4.712    4.857    4.983    5.249    5.304    5.383    5.515
    5.588    5.614    5.717    5.807    6.321    6.562   12.532   12.642   12.686   12.769
   12.974   13.048   13.367   13.808   15.314   15.519   15.666   15.778   15.837   16.250
   16.523   16.946   17.521   17.581   17.662   17.884   17.992   18.207   18.604   18.734
   18.869   19.251   19.570   19.663
            0.433368  0.000066  0.627315
  -65.639  -32.611  -32.610  -32.608   -7.165   -7.032   -6.516   -6.462   -6.404   -6.115
   -5.858   -5.789    1.520    1.629    1.911    1.929    2.004    2.784    3.107    3.221
    3.467    3.888    4.648    4.688    4.839    4.962    5.199    5.264    5.373    5.503
    5.577    5.589    5.707    5.800    6.287    6.573   12.624   12.744   12.794   12.860
   13.092   13.157   13.413   13.815   15.175   15.419   15.640   15.729   15.838   16.271
   16.436   16.971   17.524   17.592   17.640   17.894   18.038   18.211   18.650   18.778
   18.892   19.300   19.546   19.619
            0.466701  0.000070  0.627317
  -65.639  -32.611  -32.610  -32.608   -7.113   -6.990   -6.557   -6.504   -6.443   -6.131
   -5.849   -5.781    1.583    1.690    2.003    2.022    2.092    2.814    3.029    3.162
    3.351    3.791    4.635    4.673    4.828    4.944    5.153    5.228    5.364    5.484
    5.542    5.589    5.694    5.800    6.252    6.584   12.714   12.842   12.900   12.946
   13.186   13.261   13.464   13.820   15.029   15.308   15.619   15.693   15.835   16.281
   16.363   16.996   17.502   17.612   17.642   17.875   18.106   18.228   18.641   18.866
   18.924   19.334   19.518   19.576
            0.500034  0.000074  0.627318
  -65.639  -32.611  -32.610  -32.608   -7.058   -6.947   -6.599   -6.545   -6.481   -6.148
   -5.839   -5.774    1.646    1.749    2.090    2.113    2.176    2.814    2.944    3.097
    3.272    3.703    4.630    4.665    4.823    4.927    5.113    5.196    5.354    5.456
    5.511    5.591    5.683    5.799    6.219    6.594   12.799   12.932   12.997   13.030
   13.244   13.351   13.535   13.833   14.878   15.189   15.608   15.670   15.828   16.254
   16.330   17.018   17.481   17.606   17.670   17.847   18.158   18.272   18.615   18.935
   18.985   19.352   19.483   19.538
            0.533368  0.000077  0.627320
  -65.639  -32.611  -32.610  -32.608   -7.002   -6.904   -6.639   -6.585   -6.518   -6.164
   -5.830   -5.767    1.706    1.804    2.172    2.197    2.256    2.778    2.854    3.021
    3.245    3.622    4.634    4.667    4.825    4.909    5.079    5.170    5.345    5.423
    5.488    5.593    5.676    5.797    6.189    6.602   12.876   13.008   13.078   13.114
   13.269   13.408   13.630   13.865   14.728   15.068   15.602   15.656   15.816   16.198
   16.333   17.037   17.465   17.601   17.690   17.812   18.194   18.333   18.584   18.973
   19.071   19.352   19.450   19.503
            0.566701  0.000081  0.627322
  -65.639  -32.611  -32.610  -32.608   -6.946   -6.862   -6.679   -6.624   -6.553   -6.178
   -5.822   -5.761    1.759    1.853    2.245    2.274    2.329    2.719    2.766    2.942
    3.258    3.549    4.647    4.677    4.833    4.888    5.049    5.150    5.336    5.389
    5.470    5.594    5.673    5.792    6.163    6.609   12.942   13.063   13.144   13.194
   13.277   13.428   13.741   13.920   14.582   14.953   15.589   15.659   15.801   16.148
   16.340   17.054   17.453   17.601   17.700   17.773   18.223   18.390   18.551   19.003
   19.149   19.338   19.429   19.470
            0.600034  0.000084  0.627323
  -65.639  -32.611  -32.610  -32.608   -6.890   -6.824   -6.716   -6.659   -6.583   -6.189
   -5.815   -5.756    1.802    1.892    2.307    2.338    2.394    2.649    2.686    2.874
    3.291    3.483    4.668    4.696    4.837    4.868    5.022    5.136    5.328    5.364
    5.457    5.595    5.674    5.784    6.144    6.614   12.993   13.096   13.199   13.254
   13.282   13.423   13.854   13.982   14.446   14.856   15.572   15.675   15.782   16.114
   16.346   17.068   17.444   17.605   17.702   17.736   18.246   18.436   18.520   19.027
   19.210   19.317   19.420   19.442
            0.633368  0.000088  0.627325
  -65.639  -32.611  -32.610  -32.608   -6.839   -6.793   -6.750   -6.689   -6.607   -6.197
   -5.811   -5.753    1.830    1.919    2.356    2.383    2.448    2.575    2.631    2.829
    3.331    3.425    4.698    4.722    4.802    4.876    4.997    5.128    5.321    5.350
    5.449    5.596    5.678    5.776    6.131    6.618   13.025   13.111   13.237   13.268
   13.310   13.410   13.956   14.033   14.331   14.788   15.558   15.692   15.766   16.095
   16.350   17.078   17.437   17.610   17.697   17.711   18.262   18.464   18.497   19.042
   19.247   19.301   19.416   19.424
            0.666701  0.000092  0.627327
  -65.639  -32.611  -32.610  -32.608   -6.805   -6.790   -6.765   -6.704   -6.615   -6.199
   -5.810   -5.752    1.840    1.929    2.382    2.398    2.473    2.533    2.612    2.813
    3.372    3.378    4.729    4.741    4.757    4.885    4.986    5.125    5.318    5.345
    5.446    5.596    5.681    5.773    6.126    6.619   13.035   13.115   13.250   13.269
   13.324   13.405   14.004   14.055   14.276   14.764   15.553   15.698   15.759   16.090
   16.352   17.083   17.434   17.612   17.691   17.705   18.267   18.468   18.493   19.047
   19.258   19.298   19.416   19.418
            0.666699  0.000091  0.595962
  -65.639  -32.611  -32.610  -32.608   -6.845   -6.826   -6.718   -6.672   -6.621   -6.193
   -5.810   -5.752    1.844    1.932    2.360    2.365    2.511    2.535    2.627    2.809
    3.376    3.386    4.725    4.732    4.747    4.887    4.980    5.089    5.288    5.386
    5.491    5.558    5.713    5.769    6.126    6.617   13.032   13.091   13.257   13.280
   13.331   13.415   13.921   14.134   14.284   14.772   15.548   15.693   15.753   16.086
   16.345   17.076   17.432   17.618   17.698   17.719   18.268   18.467   18.492   19.036
   19.254   19.263   19.400   19.469
            0.666698  0.000090  0.564597
  -65.639  -32.611  -32.610  -32.608   -6.903   -6.881   -6.659   -6.638   -6.614   -6.175
   -5.810   -5.752    1.855    1.938    2.305    2.321    2.538    2.576    2.653    2.805
    3.379    3.414    4.702    4.711    4.716    4.891    4.959    5.025    5.253    5.465
    5.495    5.574    5.752    5.763    6.127    6.613   13.024   13.047   13.232   13.338
   13.354   13.433   13.819   14.226   14.309   14.795   15.534   15.676   15.736   16.076
   16.323   17.058   17.429   17.636   17.717   17.759   18.272   18.465   18.491   19.000
   19.213   19.253   19.353   19.564
            0.666696  0.000089  0.533233
  -65.639  -32.611  -32.610  -32.608   -6.959   -6.937   -6.665   -6.595   -6.552   -6.148
   -5.809   -5.753    1.874    1.949    2.249    2.268    2.547    2.644    2.658    2.824
    3.384    3.458    4.644    4.656    4.701    4.893    4.920    4.973    5.247    5.432
    5.552    5.661    5.732    5.797    6.130    6.607   13.001   13.015   13.200   13.386
   13.408   13.438   13.734   14.311   14.351   14.833   15.510   15.649   15.707   16.059
   16.290   17.028   17.429   17.664   17.747   17.816   18.279   18.460   18.488   18.941
   19.185   19.244   19.287   19.672
            0.666694  0.000088  0.501868
  -65.639  -32.611  -32.610  -32.608   -7.014   -6.993   -6.695   -6.534   -6.489   -6.116
   -5.808   -5.754    1.899    1.964    2.197    2.213    2.559    2.630    2.714    2.871
    3.389    3.511    4.552    4.592    4.682    4.876    4.887    4.939    5.264    5.382
    5.627    5.703    5.748    5.818    6.138    6.601   12.959   13.007   13.165   13.404
   13.426   13.482   13.693   14.386   14.407   14.886   15.477   15.615   15.670   16.039
   16.248   16.989   17.431   17.699   17.784   17.880   18.293   18.453   18.483   18.869
   19.170   19.209   19.233   19.782
            0.666692  0.000087  0.470503
  -65.639  -32.611  -32.610  -32.608   -7.068   -7.046   -6.729   -6.473   -6.426   -6.082
   -5.805   -5.755    1.930    1.982    2.150    2.159    2.575    2.587    2.785    2.931
    3.395    3.569    4.442    4.512    4.655    4.837    4.872    4.919    5.295    5.350
    5.629    5.728    5.819    5.833    6.151    6.595   12.924   13.003   13.119   13.334
   13.470   13.559   13.700   14.452   14.477   14.952   15.436   15.574   15.627   16.017
   16.199   16.943   17.436   17.738   17.824   17.943   18.317   18.443   18.476   18.794
   19.132   19.163   19.211   19.779
            0.666691  0.000086  0.439139
  -65.639  -32.611  -32.610  -32.608   -7.118   -7.098   -6.764   -6.414   -6.363   -6.046
   -5.802   -5.756    1.963    2.005    2.104    2.115    2.537    2.595    2.855    2.996
    3.399    3.630    4.323    4.423    4.616    4.808    4.854    4.907    5.330    5.340
    5.572    5.790    5.810    5.903    6.169    6.589   12.896   13.003   13.048   13.268
   13.515   13.636   13.732   14.509   14.560   15.031   15.389   15.529   15.579   15.993
   16.148   16.894   17.440   17.778   17.865   17.996   18.355   18.431   18.465   18.723
   19.059   19.156   19.182   19.772
            0.666689  0.000085  0.407774
  -65.639  -32.611  -32.610  -32.608   -7.167   -7.147   -6.799   -6.355   -6.301   -6.013
   -5.796   -5.756    1.984    2.030    2.057    2.100    2.485    2.620    2.923    3.059
    3.402    3.690    4.201    4.332    4.559    4.789    4.841    4.900    5.337    5.377
    5.499    5.783    5.847    5.969    6.192    6.584   12.876   12.945   13.009   13.230
   13.560   13.714   13.773   14.556   14.653   15.119   15.336   15.484   15.529   15.968
   16.096   16.842   17.441   17.815   17.902   18.033   18.403   18.419   18.447   18.663
   18.995   19.137   19.158   19.764
            0.666687  0.000084  0.376409
  -65.639  -32.611  -32.610  -32.608   -7.212   -7.193   -6.833   -6.300   -6.242   -5.983
   -5.788   -5.756    1.977    2.010    2.060    2.124    2.432    2.650    2.990    3.119
    3.403    3.745    4.079    4.244    4.487    4.780    4.840    4.895    5.346    5.416
    5.421    5.746    5.896    6.025    6.216    6.577   12.823   12.864   13.020   13.214
   13.604   13.790   13.817   14.594   14.754   15.212   15.281   15.444   15.478   15.944
   16.045   16.790   17.437   17.845   17.932   18.055   18.394   18.414   18.476   18.621
   18.944   19.093   19.153   19.757
            0.666686  0.000083  0.345045
  -65.639  -32.611  -32.610  -32.608   -7.254   -7.236   -6.867   -6.246   -6.184   -5.959
   -5.777   -5.752    1.955    1.970    2.091    2.175    2.381    2.683    3.053    3.175
    3.401    3.791    3.959    4.167    4.404    4.778    4.849    4.892    5.329    5.356
    5.464    5.705    5.938    6.072    6.240    6.568   12.696   12.859   13.036   13.212
   13.644   13.858   13.867   14.625   14.861   15.223   15.284   15.428   15.434   15.918
   15.997   16.740   17.427   17.866   17.951   18.066   18.364   18.378   18.541   18.601
   18.906   19.045   19.150   19.750
            0.666684  0.000082  0.313680
  -65.639  -32.611  -32.610  -32.608   -7.294   -7.276   -6.898   -6.197   -6.129   -5.940
   -5.769   -5.742    1.929    1.934    2.126    2.237    2.331    2.720    3.113    3.223
    3.394    3.816    3.843    4.116    4.319    4.784    4.864    4.886    5.242    5.358
    5.507    5.668    5.972    6.110    6.262    6.555   12.568   12.862   13.057   13.219
   13.681   13.904   13.936   14.648   14.971   15.166   15.287   15.383   15.500   15.891
   15.953   16.693   17.411   17.875   17.958   18.070   18.311   18.362   18.593   18.599
   18.880   19.010   19.147   19.744
            0.666682  0.000081  0.282315
  -65.639  -32.611  -32.610  -32.608   -7.330   -7.312   -6.927   -6.151   -6.078   -5.927
   -5.765   -5.724    1.900    1.909    2.163    2.282    2.307    2.759    3.168    3.263
    3.383    3.732    3.808    4.103    4.236    4.797    4.870    4.881    5.165    5.347
    5.548    5.644    5.998    6.138    6.281    6.537   12.443   12.870   13.081   13.234
   13.714   13.946   14.001   14.666   15.079   15.110   15.253   15.344   15.610   15.864
   15.913   16.652   17.389   17.871   17.953   18.068   18.255   18.354   18.604   18.616
   18.865   19.005   19.146   19.737
            0.666680  0.000080  0.250951
  -65.639  -32.611  -32.610  -32.608   -7.362   -7.345   -6.954   -6.109   -6.030   -5.919
   -5.761   -5.702    1.872    1.889    2.204    2.238    2.381    2.798    3.217    3.293
    3.367    3.628    3.773    4.124    4.161    4.815    4.833    4.894    5.111    5.323
    5.587    5.637    6.017    6.158    6.297    6.515   12.326   12.884   13.107   13.254
   13.743   13.985   14.062   14.678   15.057   15.171   15.214   15.323   15.730   15.835
   15.878   16.616   17.362   17.856   17.936   18.064   18.201   18.356   18.595   18.616
   18.856   19.039   19.145   19.730
            0.666679  0.000079  0.219586
  -65.639  -32.611  -32.610  -32.608   -7.391   -7.375   -6.978   -6.073   -5.987   -5.913
   -5.758   -5.679    1.850    1.873    2.195    2.247    2.457    2.837    3.260    3.313
    3.345    3.533    3.730    4.096    4.162    4.767    4.839    4.895    5.088    5.297
    5.622    5.645    6.030    6.170    6.311    6.489   12.217   12.902   13.135   13.278
   13.768   14.022   14.117   14.686   15.009   15.174   15.208   15.359   15.805   15.843
   15.858   16.588   17.332   17.833   17.908   18.058   18.153   18.366   18.549   18.627
   18.851   19.101   19.146   19.723
            0.666677  0.000078  0.188221
  -65.639  -32.611  -32.610  -32.608   -7.416   -7.400   -6.999   -6.042   -5.949   -5.909
   -5.754   -5.657    1.831    1.861    2.157    2.292    2.535    2.871    3.294    3.316
    3.324    3.450    3.691    4.046    4.204    4.685    4.863    4.878    5.088    5.282
    5.653    5.661    6.035    6.175    6.323    6.460   12.119   12.922   13.163   13.304
   13.788   14.054   14.165   14.689   14.967   15.139   15.195   15.442   15.777   15.822
   15.970   16.570   17.301   17.807   17.870   18.050   18.113   18.382   18.493   18.637
   18.848   19.147   19.176   19.714
            0.666675  0.000077  0.156857
  -65.639  -32.611  -32.610  -32.608   -7.438   -7.422   -7.017   -6.016   -5.920   -5.903
   -5.749   -5.636    1.817    1.851    2.123    2.339    2.611    2.898    3.286    3.313
    3.321    3.387    3.660    4.012    4.246    4.597    4.839    4.890    5.100    5.283
    5.675    5.683    6.034    6.175    6.333    6.429   12.033   12.943   13.189   13.330
   13.804   14.083   14.206   14.689   14.930   15.107   15.175   15.526   15.750   15.804
   16.075   16.564   17.271   17.780   17.823   18.042   18.081   18.403   18.437   18.646
   18.845   19.150   19.252   19.706
            0.666674  0.000076  0.125492
  -65.639  -32.611  -32.610  -32.608   -7.456   -7.440   -7.032   -5.996   -5.911   -5.883
   -5.743   -5.618    1.806    1.845    2.093    2.386    2.683    2.914    3.258    3.285
    3.313    3.376    3.640    3.994    4.283    4.513    4.789    4.914    5.118    5.297
    5.694    5.706    6.029    6.172    6.342    6.398   11.960   12.962   13.212   13.355
   13.817   14.107   14.239   14.687   14.901   15.081   15.156   15.598   15.726   15.793
   16.161   16.575   17.243   17.754   17.772   18.033   18.058   18.387   18.425   18.652
   18.841   19.154   19.326   19.697
            0.666672  0.000075  0.094128
  -65.639  -32.611  -32.610  -32.608   -7.469   -7.454   -7.044   -5.982   -5.910   -5.862
   -5.738   -5.604    1.799    1.841    2.069    2.432    2.746    2.917    3.234    3.240
    3.301    3.387    3.627    3.988    4.315    4.439    4.736    4.936    5.136    5.316
    5.710    5.725    6.021    6.167    6.349    6.370   11.903   12.980   13.232   13.376
   13.826   14.127   14.265   14.683   14.879   15.059   15.141   15.650   15.705   15.793
   16.220   16.602   17.219   17.719   17.734   18.024   18.041   18.347   18.446   18.656
   18.837   19.158   19.392   19.690
            0.666670  0.000074  0.062763
  -65.639  -32.611  -32.610  -32.608   -7.479   -7.464   -7.052   -5.972   -5.909   -5.846
   -5.734   -5.594    1.794    1.838    2.051    2.471    2.797    2.910    3.202    3.220
    3.290    3.398    3.619    3.990    4.338    4.381    4.689    4.952    5.152    5.334
    5.722    5.738    6.014    6.162    6.346    6.356   11.861   12.993   13.247   13.393
   13.833   14.141   14.284   14.679   14.864   15.044   15.130   15.675   15.693   15.805
   16.255   16.639   17.201   17.674   17.718   18.017   18.031   18.318   18.464   18.659
   18.833   19.161   19.446   19.684
            0.666668  0.000073  0.031398
  -65.639  -32.611  -32.610  -32.608   -7.485   -7.470   -7.057   -5.966   -5.909   -5.837
   -5.731   -5.587    1.792    1.837    2.039    2.499    2.831    2.898    3.179    3.212
    3.282    3.404    3.615    3.995    4.343    4.354    4.657    4.963    5.162    5.347
    5.730    5.746    6.008    6.159    6.331    6.359   11.836   13.002   13.256   13.404
   13.836   14.150   14.295   14.676   14.855   15.034   15.124   15.675   15.694   15.819
   16.272   16.670   17.190   17.643   17.708   18.012   18.025   18.301   18.476   18.660
   18.829   19.163   19.482   19.680
            0.666667  0.000072  0.000034
  -65.639  -32.611  -32.610  -32.608   -7.487   -7.472   -7.059   -5.964   -5.909   -5.834
   -5.730   -5.585    1.791    1.836    2.035    2.510    2.842    2.893    3.171    3.210
    3.279    3.407    3.614    3.997    4.331    4.358    4.646    4.966    5.166    5.352
    5.733    5.749    6.006    6.158    6.326    6.360   11.827   13.005   13.259   13.407
   13.838   14.153   14.299   14.674   14.852   15.031   15.122   15.673   15.696   15.824
   16.277   16.682   17.186   17.631   17.704   18.011   18.023   18.295   18.480   18.660
   18.828   19.164   19.494   19.678
            0.633333  0.000068  0.000032
  -65.639  -32.611  -32.610  -32.608   -7.531   -7.432   -7.051   -5.973   -5.906   -5.836
   -5.724   -5.585    1.750    1.872    2.033    2.517    2.845    2.887    3.102    3.181
    3.320    3.440    3.646    3.997    4.315    4.369    4.660    4.951    5.164    5.359
    5.731    5.755    5.998    6.154    6.332    6.368   11.834   12.969   13.254   13.424
   13.806   14.121   14.358   14.664   14.813   15.005   15.157   15.661   15.730   15.835
   16.292   16.684   17.189   17.622   17.707   17.983   18.053   18.298   18.484   18.668
   18.829   19.162   19.490   19.679
            0.600000  0.000065  0.000030
  -65.639  -32.611  -32.610  -32.608   -7.587   -7.384   -7.030   -5.995   -5.906   -5.838
   -5.712   -5.584    1.687    1.918    2.028    2.539    2.849    2.863    2.987    3.137
    3.329    3.533    3.725    4.001    4.276    4.402    4.691    4.916    5.154    5.382
    5.735    5.771    5.975    6.144    6.349    6.387   11.851   12.874   13.258   13.437
   13.741   14.050   14.485   14.633   14.737   14.942   15.232   15.623   15.776   15.903
   16.337   16.690   17.193   17.597   17.707   17.955   18.093   18.311   18.498   18.688
   18.832   19.156   19.478   19.682
            0.566667  0.000061  0.000029
  -65.639  -32.611  -32.610  -32.608   -7.647   -7.334   -7.000   -6.021   -5.915   -5.836
   -5.697   -5.581    1.618    1.937    2.043    2.572    2.764    2.855    2.924    3.089
    3.329    3.619    3.836    4.022    4.229    4.453    4.719    4.882    5.132    5.420
    5.744    5.793    5.943    6.124    6.376    6.413   11.880   12.747   13.258   13.416
   13.668   13.972   14.577   14.605   14.676   14.877   15.323   15.573   15.781   16.042
   16.395   16.705   17.197   17.557   17.703   17.937   18.136   18.338   18.521   18.717
   18.843   19.147   19.460   19.689
            0.533333  0.000057  0.000027
  -65.639  -32.611  -32.610  -32.608   -7.709   -7.280   -6.962   -6.051   -5.931   -5.829
   -5.682   -5.577    1.545    1.913    2.094    2.605    2.651    2.762    2.962    3.057
    3.324    3.675    3.956    4.068    4.194    4.510    4.723    4.875    5.109    5.465
    5.756    5.822    5.907    6.094    6.410    6.441   11.917   12.606   13.240   13.359
   13.591   13.893   14.523   14.554   14.703   14.886   15.410   15.542   15.772   16.200
   16.446   16.736   17.196   17.509   17.700   17.930   18.180   18.381   18.549   18.745
   18.866   19.137   19.433   19.698
            0.500000  0.000054  0.000025
  -65.639  -32.611  -32.610  -32.608   -7.771   -7.224   -6.920   -6.083   -5.951   -5.821
   -5.668   -5.573    1.473    1.870    2.159    2.505    2.649    2.675    2.979    3.073
    3.312    3.700    4.042    4.110    4.239    4.563    4.707    4.895    5.098    5.512
    5.764    5.853    5.879    6.056    6.445    6.472   11.962   12.457   13.200   13.282
   13.501   13.811   14.418   14.511   14.678   14.976   15.441   15.599   15.755   16.352
   16.476   16.785   17.188   17.459   17.704   17.932   18.225   18.436   18.582   18.769
   18.897   19.131   19.388   19.705
            0.466667  0.000050  0.000023
  -65.639  -32.611  -32.610  -32.608   -7.832   -7.166   -6.874   -6.114   -5.974   -5.813
   -5.656   -5.569    1.402    1.819    2.218    2.386    2.535    2.728    2.954    3.130
    3.299    3.706    4.021    4.208    4.359    4.595    4.702    4.927    5.109    5.557
    5.751    5.859    5.899    6.012    6.480    6.502   12.012   12.304   13.131   13.204
   13.397   13.718   14.284   14.483   14.652   15.039   15.478   15.713   15.732   16.468
   16.506   16.845   17.174   17.415   17.720   17.942   18.277   18.484   18.626   18.791
   18.917   19.132   19.326   19.699
            0.433333  0.000047  0.000022
  -65.639  -32.611  -32.610  -32.608   -7.891   -7.105   -6.827   -6.146   -5.998   -5.805
   -5.647   -5.566    1.334    1.765    2.193    2.357    2.417    2.788    2.922    3.160
    3.314    3.705    3.980    4.316    4.485    4.604    4.731    4.966    5.147    5.597
    5.716    5.875    5.939    5.964    6.513    6.530   12.056   12.157   13.042   13.131
   13.284   13.614   14.131   14.452   14.645   15.044   15.575   15.693   15.848   16.482
   16.602   16.898   17.160   17.388   17.744   17.962   18.334   18.515   18.682   18.819
   18.899   19.142   19.283   19.715
            0.400000  0.000043  0.000020
  -65.639  -32.611  -32.610  -32.608   -7.946   -7.043   -6.778   -6.177   -6.021   -5.798
   -5.639   -5.564    1.270    1.709    2.083    2.301    2.423    2.844    2.893    3.134
    3.366    3.707    3.944    4.407    4.563    4.637    4.800    5.012    5.204    5.616
    5.689    5.898    5.912    5.985    6.545    6.558   11.972   12.139   12.946   13.057
   13.168   13.501   13.964   14.410   14.653   15.018   15.639   15.719   15.983   16.483
   16.683   16.933   17.150   17.385   17.764   18.002   18.390   18.540   18.725   18.812
   18.886   19.157   19.288   19.757
            0.366667  0.000039  0.000018
  -65.639  -32.611  -32.610  -32.608   -7.998   -6.981   -6.728   -6.206   -6.044   -5.792
   -5.634   -5.563    1.209    1.654    1.966    2.189    2.504    2.840    2.924    3.084
    3.412    3.725    3.922    4.465    4.572    4.726    4.900    5.075    5.270    5.586
    5.706    5.849    5.934    6.034    6.573    6.583   11.817   12.190   12.851   12.982
   13.052   13.385   13.788   14.353   14.670   14.987   15.582   15.872   16.112   16.484
   16.743   16.953   17.144   17.406   17.771   18.062   18.432   18.574   18.703   18.764
   18.938   19.191   19.322   19.810
            0.333333  0.000036  0.000017
  -65.639  -32.611  -32.610  -32.608   -8.047   -6.917   -6.679   -6.233   -6.066   -5.788
   -5.630   -5.565    1.153    1.600    1.854    2.084    2.587    2.808    2.970    3.038
    3.426    3.756    3.928    4.494    4.573    4.824    4.995    5.169    5.328    5.549
    5.738    5.789    5.966    6.089    6.598    6.606   11.659   12.242   12.758   12.907
   12.940   13.268   13.609   14.283   14.690   14.959   15.514   16.033   16.228   16.487
   16.788   16.971   17.145   17.443   17.763   18.137   18.460   18.582   18.630   18.786
   18.985   19.253   19.364   19.867
            0.300000  0.000032  0.000015
  -65.639  -32.611  -32.610  -32.608   -8.092   -6.854   -6.632   -6.259   -6.087   -5.784
   -5.629   -5.568    1.102    1.549    1.750    1.986    2.663    2.783    2.939    3.064
    3.412    3.775    3.978    4.510    4.575    4.907    5.080    5.292    5.351    5.543
    5.719    5.778    5.997    6.150    6.619    6.627   11.503   12.288   12.671   12.829
   12.840   13.155   13.431   14.205   14.708   14.936   15.442   16.193   16.324   16.492
   16.821   17.004   17.152   17.485   17.746   18.212   18.481   18.487   18.650   18.824
   19.020   19.329   19.411   19.924
            0.266667  0.000029  0.000013
  -65.639  -32.611  -32.610  -32.608   -8.132   -6.791   -6.588   -6.282   -6.106   -5.782
   -5.629   -5.574    1.056    1.501    1.655    1.897    2.696    2.802    2.877    3.117
    3.383    3.780    4.063    4.522    4.578    4.963    5.165    5.337    5.422    5.580
    5.654    5.811    6.026    6.218    6.638    6.646   11.352   12.326   12.589   12.737
   12.767   13.045   13.262   14.125   14.723   14.913   15.368   16.346   16.396   16.498
   16.845   17.062   17.168   17.526   17.724   18.267   18.401   18.506   18.667   18.872
   19.048   19.396   19.474   19.982
            0.233333  0.000025  0.000012
  -65.639  -32.611  -32.610  -32.608   -8.168   -6.730   -6.548   -6.301   -6.122   -5.780
   -5.631   -5.581    1.015    1.455    1.570    1.818    2.678    2.810    2.878    3.166
    3.350    3.783    4.159    4.534    4.582    4.998    5.210    5.351    5.540    5.586
    5.639    5.845    6.052    6.292    6.653    6.661   11.207   12.352   12.514   12.652
   12.702   12.938   13.109   14.047   14.733   14.890   15.299   16.439   16.493   16.507
   16.863   17.136   17.193   17.561   17.708   18.256   18.383   18.529   18.679   18.921
   19.069   19.437   19.559   20.037
            0.200000  0.000022  0.000010
  -65.639  -32.611  -32.610  -32.608   -8.200   -6.672   -6.514   -6.318   -6.137   -5.777
   -5.634   -5.591    0.979    1.414    1.496    1.748    2.652    2.752    2.956    3.206
    3.318    3.789    4.254    4.545    4.586    5.021    5.185    5.429    5.522    5.626
    5.712    5.882    6.074    6.370    6.667    6.674   11.072   12.363   12.448   12.578
   12.642   12.831   12.982   13.976   14.741   14.865   15.237   16.472   16.508   16.626
   16.883   17.188   17.251   17.575   17.715   18.194   18.416   18.548   18.691   18.969
   19.086   19.460   19.655   20.081
            0.166667  0.000018  0.000008
  -65.639  -32.611  -32.610  -32.608   -8.226   -6.616   -6.486   -6.331   -6.150   -5.775
   -5.637   -5.603    0.949    1.378    1.432    1.690    2.626    2.699    3.030    3.233
    3.296    3.799    4.339    4.555    4.589    5.037    5.146    5.449    5.530    5.679
    5.789    5.927    6.092    6.447    6.677    6.683   10.949   12.352   12.395   12.520
   12.590   12.725   12.886   13.914   14.745   14.838   15.185   16.493   16.513   16.733
   16.909   17.215   17.328   17.565   17.756   18.135   18.453   18.561   18.702   19.011
   19.099   19.471   19.753   20.108
            0.133333  0.000014  0.000007
  -65.639  -32.611  -32.610  -32.608   -8.249   -6.565   -6.466   -6.340   -6.160   -5.772
   -5.641   -5.615    0.925    1.346    1.380    1.642    2.604    2.654    3.093    3.243
    3.292    3.813    4.411    4.564    4.591    5.048    5.113    5.393    5.611    5.714
    5.843    5.984    6.107    6.520    6.685    6.691   10.842   12.319   12.354   12.479
   12.548   12.631   12.815   13.863   14.748   14.812   15.143   16.506   16.519   16.808
   16.947   17.237   17.393   17.545   17.819   18.087   18.489   18.570   18.709   19.048
   19.107   19.473   19.850   20.115
            0.100000  0.000011  0.000005
  -65.639  -32.611  -32.610  -32.608   -8.266   -6.520   -6.454   -6.347   -6.169   -5.767
   -5.646   -5.628    0.906    1.321    1.338    1.606    2.586    2.618    3.131    3.253
    3.300    3.828    4.466    4.572    4.590    5.057    5.089    5.342    5.679    5.739
    5.877    6.042    6.118    6.583    6.690    6.696   10.753   12.282   12.311   12.452
   12.516   12.558   12.763   13.824   14.749   14.788   15.112   16.513   16.525   16.852
   16.995   17.255   17.441   17.524   17.888   18.050   18.522   18.575   18.709   19.078
   19.112   19.469   19.940   20.110
            0.066667  0.000007  0.000003
  -65.639  -32.611  -32.610  -32.608   -8.278   -6.482   -6.448   -6.353   -6.175   -5.762
   -5.651   -5.638    0.892    1.302    1.309    1.580    2.572    2.592    3.143    3.276
    3.308    3.840    4.504    4.578    4.589    5.062    5.075    5.302    5.730    5.756
    5.898    6.091    6.126    6.633    6.692    6.700   10.687   12.254   12.272   12.432
   12.494   12.510   12.728   13.796   14.749   14.769   15.090   16.517   16.530   16.875
   17.038   17.268   17.473   17.507   17.949   18.024   18.552   18.579   18.703   19.100
   19.115   19.464   20.017   20.103
            0.033333  0.000004  0.000002
  -65.639  -32.611  -32.610  -32.608   -8.286   -6.456   -6.445   -6.358   -6.179   -5.758
   -5.656   -5.643    0.884    1.290    1.292    1.564    2.563    2.576    3.143    3.298
    3.313    3.848    4.524    4.584    4.587    5.066    5.069    5.276    5.759    5.767
    5.910    6.121    6.131    6.666    6.693    6.701   10.646   12.237   12.245   12.418
   12.478   12.488   12.707   13.779   14.749   14.757   15.077   16.520   16.533   16.887
   17.067   17.277   17.489   17.499   17.991   18.009   18.573   18.585   18.694   19.113
   19.117   19.459   20.070   20.097
            0.000000  0.000000  0.000000
  -65.639  -32.611  -32.610  -32.608   -8.288   -6.447   -6.443   -6.361   -6.181   -5.756
   -5.659   -5.644    0.882    1.285    1.287    1.559    2.560    2.572    3.142    3.305
    3.316    3.851    4.530    4.585    4.587    5.067    5.068    5.267    5.766    5.774
    5.914    6.132    6.132    6.678    6.693    6.701   10.632   12.230   12.235   12.412
   12.471   12.483   12.700   13.774   14.749   14.753   15.073   16.520   16.534   16.891
   17.077   17.279   17.490   17.500   18.003   18.008   18.577   18.592   18.689   19.116
   19.120   19.457   20.088   20.096
            0.025002  0.014435  0.000002
  -65.639  -32.611  -32.610  -32.608   -8.286   -6.454   -6.444   -6.359   -6.180   -5.757
   -5.656   -5.644    0.884    1.289    1.290    1.563    2.562    2.576    3.143    3.299
    3.315    3.849    4.526    4.585    4.586    5.067    5.068    5.274    5.764    5.766
    5.911    6.124    6.131    6.667    6.695    6.700   10.643   12.235   12.243   12.416
   12.477   12.485   12.705   13.778   14.749   14.757   15.076   16.520   16.533   16.888
   17.069   17.277   17.493   17.496   17.997   18.007   18.576   18.584   18.693   19.115
   19.116   19.459   20.073   20.098
            0.050003  0.028869  0.000003
  -65.639  -32.611  -32.610  -32.608   -8.281   -6.475   -6.445   -6.355   -6.177   -5.761
   -5.649   -5.642    0.890    1.299    1.303    1.574    2.568    2.588    3.143    3.281
    3.312    3.842    4.511    4.579    4.588    5.066    5.071    5.294    5.742    5.757
    5.902    6.101    6.128    6.640    6.696    6.700   10.674   12.247   12.264   12.427
   12.494   12.497   12.721   13.790   14.748   14.766   15.086   16.519   16.531   16.879
   17.048   17.271   17.482   17.501   17.964   18.018   18.564   18.575   18.701   19.106
   19.114   19.462   20.032   20.102
            0.075005  0.043304  0.000005
  -65.639  -32.611  -32.610  -32.608   -8.271   -6.505   -6.448   -6.351   -6.172   -5.765
   -5.640   -5.639    0.900    1.313    1.324    1.594    2.578    2.608    3.138    3.260
    3.307    3.832    4.486    4.568    4.594    5.067    5.075    5.325    5.704    5.745
    5.887    6.062    6.123    6.600    6.695    6.699   10.724   12.268   12.297   12.443
   12.512   12.531   12.747   13.811   14.747   14.781   15.102   16.517   16.526   16.863
   17.013   17.261   17.459   17.514   17.915   18.037   18.539   18.573   18.708   19.090
   19.112   19.467   19.972   20.110
            0.100006  0.057739  0.000007
  -65.639  -32.611  -32.610  -32.608   -8.258   -6.543   -6.451   -6.349   -6.166   -5.768
   -5.638   -5.628    0.914    1.333    1.355    1.621    2.591    2.636    3.114    3.248
    3.300    3.818    4.450    4.549    4.603    5.070    5.082    5.365    5.651    5.726
    5.868    6.010    6.117    6.548    6.690    6.698   10.792   12.295   12.334   12.461
   12.543   12.579   12.784   13.840   14.745   14.803   15.124   16.514   16.519   16.835
   16.972   17.247   17.423   17.532   17.856   18.065   18.510   18.570   18.710   19.068
   19.109   19.471   19.901   20.117
            0.125008  0.072173  0.000008
  -65.639  -32.611  -32.610  -32.608   -8.242   -6.588   -6.455   -6.348   -6.158   -5.771
   -5.634   -5.617    0.932    1.360    1.392    1.657    2.607    2.671    3.067    3.254
    3.292    3.800    4.405    4.522    4.615    5.077    5.090    5.413    5.586    5.699
    5.845    5.945    6.111    6.485    6.684    6.696   10.875   12.329   12.368   12.481
   12.595   12.638   12.835   13.879   14.741   14.829   15.153   16.510   16.511   16.787
   16.932   17.230   17.374   17.556   17.794   18.102   18.480   18.565   18.704   19.041
   19.102   19.470   19.827   20.121
            0.150009  0.086608  0.000010
  -65.639  -32.611  -32.610  -32.608   -8.222   -6.638   -6.459   -6.349   -6.150   -5.773
   -5.631   -5.607    0.955    1.391    1.436    1.701    2.626    2.713    3.003    3.272
    3.282    3.780    4.351    4.486    4.630    5.087    5.100    5.458    5.518    5.664
    5.820    5.868    6.106    6.414    6.676    6.694   10.972   12.368   12.392   12.501
   12.670   12.706   12.900   13.925   14.735   14.860   15.187   16.496   16.507   16.713
   16.901   17.210   17.312   17.585   17.736   18.149   18.448   18.560   18.692   19.012
   19.093   19.461   19.756   20.117
            0.175011  0.101043  0.000012
  -65.639  -32.611  -32.610  -32.608   -8.198   -6.693   -6.465   -6.352   -6.139   -5.773
   -5.626   -5.598    0.981    1.428    1.487    1.754    2.646    2.761    2.929    3.272
    3.297    3.756    4.291    4.444    4.647    5.095    5.112    5.415    5.538    5.620
    5.781    5.794    6.102    6.335    6.667    6.691   11.080   12.408   12.411   12.521
   12.767   12.778   12.982   13.979   14.728   14.895   15.226   16.477   16.505   16.618
   16.878   17.189   17.240   17.618   17.685   18.206   18.413   18.554   18.672   18.981
   19.079   19.438   19.691   20.101
            0.200012  0.115477  0.000013
  -65.639  -32.611  -32.610  -32.608   -8.171   -6.751   -6.470   -6.355   -6.128   -5.773
   -5.622   -5.591    1.012    1.471    1.542    1.817    2.666    2.804    2.858    3.262
    3.326    3.731    4.226    4.396    4.667    5.093    5.125    5.336    5.568    5.597
    5.687    5.767    6.099    6.252    6.655    6.688   11.196   12.417   12.455   12.540
   12.853   12.880   13.080   14.038   14.719   14.933   15.266   16.445   16.502   16.512
   16.857   17.167   17.168   17.641   17.654   18.273   18.373   18.545   18.648   18.949
   19.060   19.402   19.632   20.066
            0.225014  0.129912  0.000015
  -65.639  -32.611  -32.610  -32.608   -8.140   -6.813   -6.476   -6.360   -6.115   -5.773
   -5.617   -5.585    1.046    1.518    1.601    1.889    2.686    2.752    2.882    3.252
    3.359    3.703    4.158    4.345    4.689    5.059    5.138    5.279    5.509    5.581
    5.666    5.740    6.098    6.164    6.641    6.685   11.319   12.423   12.497   12.562
   12.931   13.005   13.191   14.101   14.712   14.972   15.306   16.360   16.437   16.500
   16.835   17.103   17.147   17.603   17.695   18.326   18.349   18.536   18.621   18.917
   19.035   19.353   19.572   20.012
            0.250016  0.144347  0.000017
  -65.639  -32.611  -32.610  -32.608   -8.106   -6.877   -6.482   -6.365   -6.100   -5.773
   -5.612   -5.582    1.085    1.571    1.662    1.971    2.666    2.702    2.940    3.242
    3.392    3.673    4.091    4.294    4.712    4.982    5.151    5.258    5.445    5.479
    5.713    5.730    6.075    6.099    6.625    6.681   11.446   12.425   12.528   12.593
   13.015   13.139   13.313   14.163   14.709   15.011   15.343   16.230   16.390   16.499
   16.807   17.058   17.128   17.570   17.738   18.272   18.433   18.525   18.595   18.884
   19.004   19.295   19.506   19.943
            0.275017  0.158781  0.000018
  -65.639  -32.611  -32.610  -32.608   -8.069   -6.943   -6.487   -6.371   -6.085   -5.773
   -5.608   -5.580    1.127    1.628    1.727    2.062    2.577    2.714    3.000    3.233
    3.427    3.642    4.026    4.243    4.736    4.878    5.163    5.249    5.378    5.383
    5.685    5.794    5.986    6.101    6.608    6.677   11.576   12.425   12.542   12.635
   13.103   13.279   13.441   14.219   14.714   15.049   15.373   16.089   16.338   16.498
   16.777   17.033   17.114   17.541   17.783   18.212   18.490   18.546   18.573   18.848
   18.968   19.229   19.435   19.863
            0.300019  0.173216  0.000020
  -65.639  -32.611  -32.610  -32.608   -8.029   -7.010   -6.493   -6.376   -6.068   -5.774
   -5.603   -5.579    1.173    1.689    1.792    2.160    2.488    2.718    3.055    3.225
    3.463    3.613    3.967    4.192    4.761    4.767    5.173    5.199    5.310    5.333
    5.659    5.844    5.911    6.104    6.588    6.673   11.707   12.423   12.548   12.680
   13.198   13.421   13.571   14.263   14.731   15.084   15.392   15.945   16.283   16.496
   16.748   17.024   17.105   17.515   17.830   18.149   18.475   18.556   18.642   18.809
   18.929   19.153   19.369   19.778
            0.325020  0.187651  0.000022
  -65.639  -32.611  -32.610  -32.608   -7.986   -7.078   -6.498   -6.382   -6.051   -5.776
   -5.599   -5.580    1.222    1.754    1.858    2.261    2.405    2.714    3.100    3.217
    3.500    3.590    3.917    4.137    4.662    4.787    5.102    5.178    5.244    5.331
    5.634    5.795    5.936    6.108    6.566    6.669   11.837   12.420   12.549   12.722
   13.298   13.562   13.699   14.292   14.761   15.116   15.396   15.803   16.229   16.491
   16.726   17.022   17.104   17.493   17.878   18.089   18.447   18.542   18.751   18.762
   18.891   19.068   19.315   19.692
            0.350022  0.202085  0.000023
  -65.639  -32.611  -32.610  -32.608   -7.941   -7.145   -6.503   -6.387   -6.033   -5.780
   -5.595   -5.581    1.274    1.821    1.924    2.289    2.403    2.700    3.127    3.210
    3.530    3.586    3.876    4.071    4.575    4.812    4.992    5.165    5.196    5.340
    5.611    5.716    5.994    6.111    6.541    6.665   11.964   12.417   12.547   12.758
   13.404   13.697   13.820   14.310   14.799   15.145   15.382   15.670   16.182   16.482
   16.710   17.018   17.111   17.479   17.926   18.038   18.411   18.530   18.703   18.833
   18.888   18.985   19.274   19.609
            0.375023  0.216520  0.000025
  -65.639  -32.611  -32.610  -32.608   -7.894   -7.211   -6.507   -6.392   -6.015   -5.785
   -5.592   -5.582    1.328    1.891    1.988    2.215    2.511    2.675    3.134    3.204
    3.533    3.624    3.847    3.989    4.511    4.836    4.885    5.113    5.189    5.346
    5.592    5.643    6.051    6.115    6.515    6.661   12.087   12.413   12.544   12.784
   13.512   13.824   13.928   14.322   14.834   15.168   15.345   15.558   16.147   16.468
   16.700   17.005   17.126   17.474   17.971   18.001   18.370   18.520   18.629   18.810
   18.916   18.996   19.242   19.535
            0.400025  0.230954  0.000027
  -65.639  -32.611  -32.610  -32.608   -7.846   -7.275   -6.511   -6.396   -5.999   -5.791
   -5.589   -5.584    1.383    1.960    2.047    2.138    2.628    2.640    3.127    3.198
    3.529    3.672    3.829    3.903    4.465    4.787    4.856    5.064    5.185    5.343
    5.576    5.584    6.106    6.119    6.487    6.657   12.202   12.408   12.540   12.797
   13.622   13.938   14.015   14.338   14.852   15.187   15.287   15.481   16.126   16.452
   16.693   16.981   17.149   17.481   17.982   18.011   18.326   18.495   18.556   18.783
   18.865   19.110   19.216   19.480
            0.425026  0.245389  0.000029
  -65.639  -32.611  -32.610  -32.608   -7.799   -7.336   -6.513   -6.399   -5.984   -5.798
   -5.587   -5.585    1.436    2.027    2.054    2.112    2.599    2.740    3.119    3.192
    3.525    3.665    3.819    3.868    4.423    4.709    4.869    5.027    5.178    5.329
    5.544    5.564    6.122    6.156    6.458    6.654   12.306   12.405   12.537   12.796
   13.728   14.033   14.073   14.365   14.840   15.202   15.230   15.432   16.120   16.434
   16.686   16.950   17.174   17.495   17.984   18.041   18.288   18.419   18.529   18.761
   18.831   19.194   19.198   19.467
            0.450028  0.259824  0.000030
  -65.639  -32.611  -32.610  -32.608   -7.755   -7.389   -6.515   -6.402   -5.971   -5.804
   -5.586   -5.585    1.485    1.996    2.088    2.151    2.556    2.829    3.136    3.188
    3.513    3.580    3.815    3.917    4.370    4.662    4.874    5.006    5.171    5.308
    5.522    5.556    6.125    6.201    6.428    6.652   12.394   12.402   12.536   12.783
   13.825   14.096   14.106   14.409   14.792   15.199   15.212   15.399   16.124   16.418
   16.677   16.919   17.199   17.513   18.007   18.058   18.263   18.325   18.523   18.744
   18.809   19.177   19.230   19.525
            0.475030  0.274258  0.000032
  -65.639  -32.611  -32.610  -32.608   -7.720   -7.430   -6.517   -6.403   -5.963   -5.809
   -5.587   -5.584    1.521    1.952    2.133    2.179    2.521    2.876    3.186    3.200
    3.428    3.540    3.814    3.983    4.309    4.642    4.872    4.999    5.165    5.290
    5.512    5.551    6.126    6.235    6.404    6.650   12.400   12.454   12.540   12.764
   13.902   14.092   14.151   14.459   14.728   15.192   15.218   15.378   16.131   16.406
   16.667   16.898   17.216   17.526   18.044   18.062   18.241   18.252   18.521   18.733
   18.797   19.165   19.228   19.503
            0.500031  0.288693  0.000034
  -65.639  -32.611  -32.610  -32.608   -7.706   -7.445   -6.517   -6.404   -5.960   -5.810
   -5.587   -5.584    1.535    1.935    2.150    2.190    2.506    2.888    3.185    3.291
    3.323    3.536    3.814    4.016    4.278    4.637    4.870    4.997    5.163    5.282
    5.510    5.549    6.127    6.249    6.393    6.650   12.400   12.474   12.545   12.754
   13.936   14.083   14.167   14.486   14.694   15.192   15.220   15.370   16.135   16.402
   16.663   16.891   17.223   17.531   18.062   18.071   18.199   18.249   18.520   18.730
   18.793   19.161   19.225   19.495
            0.500033  0.288694  0.031398
  -65.639  -32.611  -32.610  -32.608   -7.704   -7.443   -6.516   -6.403   -5.964   -5.813
   -5.588   -5.585    1.539    1.934    2.149    2.189    2.488    2.883    3.209    3.288
    3.321    3.557    3.807    4.013    4.274    4.632    4.868    4.998    5.169    5.277
    5.520    5.552    6.125    6.247    6.394    6.649   12.405   12.475   12.545   12.753
   13.934   14.082   14.163   14.492   14.693   15.184   15.213   15.374   16.136   16.397
   16.664   16.889   17.237   17.539   18.052   18.058   18.203   18.250   18.516   18.730
   18.798   19.166   19.220   19.497
            0.500035  0.288695  0.062763
  -65.639  -32.611  -32.610  -32.608   -7.697   -7.438   -6.512   -6.400   -5.974   -5.822
   -5.592   -5.589    1.550    1.933    2.146    2.187    2.439    2.869    3.275    3.282
    3.324    3.608    3.788    4.007    4.260    4.616    4.862    4.999    5.185    5.262
    5.550    5.561    6.118    6.242    6.397    6.644   12.420   12.475   12.544   12.752
   13.929   14.079   14.151   14.508   14.687   15.163   15.193   15.384   16.138   16.381
   16.666   16.882   17.276   17.562   18.004   18.045   18.211   18.252   18.500   18.731
   18.818   19.176   19.206   19.501
            0.500036  0.288696  0.094128
  -65.639  -32.611  -32.610  -32.608   -7.687   -7.428   -6.506   -6.395   -5.991   -5.836
   -5.598   -5.595    1.569    1.931    2.141    2.183    2.373    2.846    3.282    3.334
    3.370    3.666    3.758    4.004    4.237    4.592    4.850    5.001    5.211    5.241
    5.576    5.593    6.108    6.232    6.401    6.638   12.445   12.473   12.546   12.752
   13.922   14.073   14.131   14.534   14.676   15.134   15.163   15.397   16.141   16.359
   16.670   16.873   17.334   17.594   17.943   18.022   18.218   18.259   18.467   18.731
   18.855   19.187   19.187   19.509
            0.500038  0.288697  0.125492
  -65.639  -32.611  -32.610  -32.608   -7.672   -7.414   -6.497   -6.389   -6.015   -5.855
   -5.606   -5.603    1.594    1.927    2.131    2.178    2.302    2.820    3.296    3.349
    3.482    3.714    3.722    4.014    4.208    4.562    4.832    5.007    5.217    5.242
    5.598    5.645    6.093    6.219    6.406    6.628   12.466   12.478   12.551   12.756
   13.912   14.061   14.101   14.564   14.661   15.105   15.128   15.413   16.146   16.332
   16.675   16.863   17.406   17.627   17.881   17.990   18.222   18.273   18.425   18.731
   18.902   19.168   19.193   19.520
            0.500040  0.288698  0.156857
  -65.639  -32.611  -32.610  -32.608   -7.653   -7.397   -6.486   -6.381   -6.045   -5.880
   -5.616   -5.614    1.626    1.922    2.112    2.171    2.237    2.793    3.320    3.367
    3.602    3.684    3.737    4.046    4.177    4.531    4.807    5.016    5.193    5.275
    5.627    5.700    6.074    6.199    6.411    6.617   12.456   12.519   12.558   12.767
   13.898   14.042   14.060   14.578   14.660   15.082   15.092   15.429   16.151   16.302
   16.680   16.853   17.483   17.646   17.833   17.951   18.216   18.293   18.390   18.730
   18.952   19.152   19.193   19.532
            0.500041  0.288699  0.188221
  -65.639  -32.611  -32.610  -32.608   -7.631   -7.375   -6.472   -6.372   -6.081   -5.909
   -5.628   -5.627    1.664    1.913    2.078    2.165    2.187    2.770    3.347    3.391
    3.633    3.739    3.741    4.083    4.158    4.503    4.775    5.028    5.170    5.307
    5.662    5.754    6.052    6.173    6.416    6.603   12.445   12.564   12.567   12.786
   13.879   14.009   14.017   14.545   14.700   15.060   15.068   15.445   16.155   16.270
   16.685   16.845   17.560   17.635   17.813   17.911   18.198   18.319   18.373   18.729
   18.996   19.141   19.191   19.543
            0.500043  0.288700  0.219586
  -65.639  -32.611  -32.610  -32.608   -7.604   -7.351   -6.457   -6.362   -6.122   -5.943
   -5.642   -5.641    1.708    1.900    2.027    2.155    2.160    2.753    3.361    3.424
    3.596    3.731    3.872    4.080    4.182    4.486    4.739    5.045    5.151    5.338
    5.702    5.805    6.026    6.141    6.422    6.588   12.435   12.568   12.619   12.815
   13.853   13.947   13.985   14.489   14.759   15.036   15.065   15.462   16.158   16.234
   16.687   16.839   17.600   17.627   17.814   17.876   18.175   18.352   18.376   18.730
   19.023   19.137   19.194   19.551
            0.500045  0.288701  0.250951
  -65.639  -32.611  -32.610  -32.608   -7.573   -7.322   -6.439   -6.352   -6.168   -5.979
   -5.659   -5.656    1.757    1.883    1.970    2.131    2.160    2.741    3.361    3.459
    3.562    3.724    4.004    4.062    4.214    4.489    4.701    5.065    5.140    5.365
    5.744    5.848    5.997    6.100    6.427    6.571   12.430   12.571   12.675   12.851
   13.818   13.877   13.949   14.422   14.827   15.021   15.073   15.480   16.158   16.195
   16.686   16.837   17.561   17.674   17.813   17.861   18.158   18.389   18.391   18.735
   19.025   19.140   19.207   19.554
            0.500047  0.288702  0.282315
  -65.639  -32.611  -32.610  -32.608   -7.538   -7.290   -6.419   -6.345   -6.217   -6.018
   -5.679   -5.672    1.808    1.862    1.915    2.108    2.164    2.735    3.347    3.482
    3.533    3.724    4.056    4.128    4.231    4.512    4.666    5.088    5.143    5.391
    5.785    5.878    5.965    6.052    6.434    6.554   12.431   12.578   12.732   12.890
   13.772   13.801   13.907   14.347   14.900   15.014   15.089   15.500   16.151   16.155
   16.679   16.838   17.527   17.686   17.804   17.876   18.152   18.408   18.434   18.745
   19.005   19.148   19.228   19.553
            0.500048  0.288703  0.313680
  -65.639  -32.611  -32.610  -32.608   -7.500   -7.255   -6.398   -6.344   -6.266   -6.057
   -5.699   -5.689    1.832    1.864    1.868    2.084    2.175    2.732    3.325    3.480
    3.513    3.733    4.068    4.233    4.242    4.541    4.648    5.114    5.165    5.415
    5.821    5.890    5.932    5.998    6.443    6.536   12.438   12.588   12.788   12.932
   13.718   13.722   13.859   14.269   14.977   15.017   15.114   15.521   16.103   16.146
   16.666   16.844   17.503   17.676   17.790   17.913   18.152   18.429   18.481   18.762
   18.970   19.162   19.247   19.549
            0.500050  0.288704  0.345045
  -65.639  -32.611  -32.610  -32.608   -7.458   -7.217   -6.375   -6.365   -6.301   -6.093
   -5.721   -5.708    1.806    1.818    1.925    2.057    2.192    2.730    3.299    3.450
    3.501    3.746    4.100    4.259    4.294    4.566    4.670    5.144    5.208    5.438
    5.846    5.877    5.901    5.943    6.455    6.518   12.453   12.604   12.842   12.971
   13.644   13.658   13.805   14.188   15.028   15.055   15.146   15.544   16.051   16.133
   16.648   16.850   17.490   17.661   17.778   17.954   18.154   18.451   18.533   18.788
   18.924   19.179   19.258   19.544
            0.500052  0.288705  0.376409
  -65.639  -32.611  -32.610  -32.608   -7.413   -7.176   -6.414   -6.352   -6.320   -6.120
   -5.745   -5.727    1.778    1.779    1.983    2.029    2.216    2.729    3.270    3.400
    3.497    3.754    4.150    4.287    4.299    4.587    4.743    5.175    5.269    5.460
    5.825    5.838    5.891    5.900    6.468    6.501   12.476   12.627   12.893   13.008
   13.568   13.595   13.744   14.106   15.045   15.129   15.190   15.570   15.996   16.115
   16.626   16.857   17.488   17.651   17.772   17.989   18.152   18.474   18.589   18.824
   18.870   19.200   19.257   19.541
            0.500053  0.288706  0.407774
  -65.639  -32.611  -32.610  -32.608   -7.364   -7.132   -6.475   -6.344   -6.327   -6.136
   -5.769   -5.746    1.747    1.750    1.999    2.040    2.247    2.727    3.238    3.340
    3.503    3.750    4.217    4.267    4.316    4.616    4.849    5.210    5.342    5.480
    5.747    5.803    5.857    5.898    6.482    6.484   12.508   12.658   12.938   13.039
   13.499   13.531   13.678   14.025   15.067   15.188   15.253   15.596   15.938   16.094
   16.598   16.863   17.498   17.647   17.774   18.018   18.143   18.500   18.649   18.811
   18.867   19.223   19.244   19.543
            0.500055  0.288707  0.439139
  -65.639  -32.611  -32.610  -32.608   -7.313   -7.087   -6.539   -6.380   -6.302   -6.138
   -5.793   -5.766    1.721    1.725    1.968    2.093    2.287    2.723    3.198    3.283
    3.516    3.739    4.218    4.287    4.345    4.665    4.967    5.247    5.420    5.500
    5.657    5.762    5.803    5.897    6.468    6.494   12.548   12.695   12.977   13.063
   13.436   13.466   13.609   13.947   15.093   15.236   15.328   15.623   15.881   16.072
   16.563   16.867   17.518   17.648   17.785   18.040   18.124   18.527   18.715   18.749
   18.918   19.221   19.246   19.548
            0.500057  0.288708  0.470503
  -65.639  -32.611  -32.610  -32.608   -7.258   -7.039   -6.606   -6.425   -6.278   -6.132
   -5.817   -5.785    1.702    1.702    1.938    2.139    2.336    2.718    3.140    3.243
    3.536    3.725    4.163    4.312    4.416    4.737    5.085    5.287    5.494    5.518
    5.561    5.719    5.738    5.887    6.454    6.503   12.596   12.737   13.009   13.080
   13.383   13.400   13.542   13.872   15.122   15.280   15.400   15.651   15.824   16.055
   16.520   16.872   17.548   17.655   17.804   18.055   18.096   18.550   18.694   18.786
   18.974   19.190   19.270   19.558
            0.500059  0.288709  0.501868
  -65.639  -32.611  -32.610  -32.608   -7.201   -6.991   -6.673   -6.474   -6.255   -6.122
   -5.840   -5.803    1.683    1.688    1.910    2.176    2.394    2.712    3.067    3.219
    3.561    3.711    4.107    4.304    4.517    4.826    5.197    5.331    5.451    5.533
    5.566    5.666    5.675    5.865    6.440    6.509   12.650   12.785   13.034   13.090
   13.329   13.339   13.483   13.804   15.151   15.323   15.461   15.679   15.771   16.046
   16.469   16.876   17.585   17.665   17.829   18.063   18.065   18.540   18.677   18.863
   19.034   19.154   19.292   19.572
            0.500060  0.288710  0.533233
  -65.639  -32.611  -32.610  -32.608   -7.141   -6.943   -6.741   -6.524   -6.234   -6.110
   -5.861   -5.819    1.668    1.678    1.886    2.204    2.459    2.706    2.989    3.202
    3.590    3.701    4.054    4.289    4.627    4.925    5.295    5.343    5.381    5.547
    5.560    5.633    5.647    5.831    6.429    6.512   12.709   12.835   13.052   13.094
   13.253   13.305   13.434   13.747   15.180   15.364   15.502   15.708   15.724   16.051
   16.411   16.880   17.628   17.676   17.852   18.032   18.070   18.488   18.707   18.941
   19.096   19.115   19.311   19.588
            0.500062  0.288711  0.564597
  -65.639  -32.611  -32.610  -32.608   -7.080   -6.899   -6.808   -6.570   -6.218   -6.099
   -5.877   -5.833    1.657    1.673    1.867    2.224    2.527    2.700    2.913    3.191
    3.618    3.694    4.008    4.275    4.742    5.025    5.234    5.369    5.440    5.473
    5.552    5.600    5.688    5.788    6.420    6.512   12.768   12.885   13.064   13.093
   13.173   13.282   13.396   13.704   15.204   15.402   15.520   15.686   15.735   16.074
   16.348   16.884   17.673   17.686   17.859   18.016   18.073   18.428   18.749   19.011
   19.077   19.159   19.325   19.571
            0.500064  0.288712  0.595962
  -65.639  -32.611  -32.610  -32.608   -7.019   -6.882   -6.855   -6.607   -6.207   -6.092
   -5.888   -5.841    1.651    1.671    1.855    2.235    2.590    2.694    2.847    3.184
    3.639    3.690    3.975    4.264    4.859    5.074    5.172    5.378    5.423    5.490
    5.528    5.606    5.717    5.740    6.414    6.511   12.815   12.936   13.071   13.087
   13.101   13.268   13.371   13.677   15.221   15.432   15.521   15.661   15.753   16.111
   16.287   16.886   17.693   17.714   17.843   18.022   18.074   18.381   18.787   19.045
   19.060   19.219   19.332   19.515
            0.500065  0.288713  0.627327
  -65.639  -32.611  -32.610  -32.608   -6.975   -6.922   -6.846   -6.622   -6.203   -6.090
   -5.892   -5.844    1.648    1.670    1.851    2.239    2.623    2.688    2.817    3.181
    3.648    3.689    3.963    4.261    4.958    4.995    5.222    5.311    5.455    5.496
    5.514    5.627    5.709    5.727    6.412    6.510   12.834   12.972   13.048   13.073
   13.092   13.263   13.361   13.668   15.227   15.445   15.518   15.652   15.759   16.137
   16.254   16.887   17.695   17.736   17.828   18.029   18.074   18.362   18.802   19.031
   19.077   19.250   19.332   19.489
