 &plot nbnd=  64, nks=   121 /
            0.000000  0.000000  0.000000
   -8.179   -6.195   -6.195   -6.195   -6.010   -5.495   -5.495   -5.495    0.926    1.473
    1.473    1.473    2.773    2.773    2.773    3.596    3.596    3.596    4.857    4.857
    4.857    5.166    5.166    5.166    6.096    6.096    6.270    6.270    6.270    6.752
    6.752    6.973   11.041   12.630   12.630   12.630   12.639   12.639   12.639   13.484
   15.009   15.009   15.009   17.103   17.104   17.104   17.431   17.740   17.740   17.740
   17.972   17.972   19.003   19.003   19.003   19.630   19.630   19.630   19.937   19.962
   19.962   21.338   21.338   21.524
            0.000000  0.000000  0.031237
   -8.177   -6.194   -6.194   -6.194   -6.015   -5.496   -5.496   -5.495    0.935    1.468
    1.468    1.468    2.762    2.762    2.762    3.606    3.606    3.606    4.859    4.859
    4.859    5.176    5.176    5.176    6.097    6.097    6.268    6.268    6.268    6.751
    6.751    6.958   11.054   12.624   12.624   12.624   12.632   12.632   12.632   13.486
   15.030   15.030   15.030   17.089   17.089   17.089   17.427   17.748   17.748   17.748
   17.971   17.971   19.007   19.008   19.008   19.612   19.612   19.612   19.909   19.951
   19.951   21.348   21.348   21.549
            0.000000  0.000000  0.062475
   -8.170   -6.190   -6.190   -6.190   -6.030   -5.498   -5.498   -5.498    0.961    1.455
    1.455    1.455    2.732    2.732    2.732    3.635    3.635    3.635    4.864    4.864
    4.864    5.206    5.206    5.206    6.100    6.100    6.259    6.259    6.259    6.748
    6.748    6.911   11.093   12.579   12.579   12.579   12.637   12.637   12.637   13.491
   15.092   15.092   15.092   17.045   17.045   17.045   17.414   17.770   17.770   17.770
   17.968   17.968   19.021   19.021   19.021   19.558   19.558   19.558   19.832   19.921
   19.921   21.381   21.381   21.622
            0.000000  0.000000  0.093712
   -8.158   -6.184   -6.184   -6.184   -6.055   -5.502   -5.502   -5.502    1.005    1.435
    1.435    1.435    2.684    2.684    2.684    3.683    3.683    3.683    4.873    4.873
    4.873    5.253    5.253    5.253    6.105    6.105    6.246    6.246    6.246    6.743
    6.743    6.836   11.156   12.510   12.510   12.510   12.646   12.646   12.646   13.499
   15.188   15.188   15.188   16.976   16.976   16.976   17.392   17.806   17.806   17.806
   17.963   17.963   19.041   19.041   19.041   19.471   19.471   19.471   19.716   19.871
   19.871   21.435   21.435   21.730
            0.000000  0.000000  0.124949
   -8.141   -6.176   -6.176   -6.176   -6.089   -5.508   -5.508   -5.508    1.065    1.409
    1.409    1.409    2.620    2.620    2.620    3.748    3.748    3.748    4.885    4.885
    4.885    5.314    5.314    5.314    6.111    6.111    6.227    6.227    6.227    6.734
    6.735    6.735   11.240   12.424   12.424   12.424   12.657   12.657   12.657   13.511
   15.313   15.313   15.313   16.885   16.885   16.885   17.363   17.856   17.856   17.856
   17.956   17.956   19.065   19.065   19.065   19.357   19.357   19.357   19.573   19.806
   19.806   21.509   21.509   21.863
            0.000000  0.000000  0.156187
   -8.119   -6.166   -6.166   -6.166   -6.132   -5.516   -5.516   -5.516    1.141    1.379
    1.379    1.379    2.544    2.544    2.544    3.827    3.827    3.827    4.901    4.901
    4.901    5.385    5.385    5.385    6.120    6.120    6.203    6.203    6.203    6.610
    6.726    6.726   11.341   12.328   12.328   12.328   12.671   12.671   12.671   13.524
   15.459   15.459   15.459   16.777   16.777   16.777   17.327   17.920   17.920   17.920
   17.950   17.950   19.090   19.090   19.090   19.221   19.221   19.221   19.413   19.726
   19.726   21.603   21.603   21.983
            0.000000  0.000000  0.187424
   -8.093   -6.183   -6.153   -6.153   -6.153   -5.526   -5.526   -5.526    1.232    1.347
    1.347    1.347    2.460    2.460    2.460    3.919    3.919    3.919    4.920    4.920
    4.920    5.462    5.462    5.462    6.130    6.130    6.174    6.174    6.174    6.466
    6.714    6.714   11.458   12.229   12.229   12.229   12.685   12.685   12.685   13.540
   15.619   15.619   15.619   16.657   16.657   16.657   17.286   17.944   17.944   17.998
   17.998   17.998   19.068   19.068   19.068   19.114   19.114   19.114   19.241   19.636
   19.636   21.715   21.715   22.013
            0.000000  0.000000  0.218661
   -8.062   -6.241   -6.138   -6.138   -6.138   -5.537   -5.537   -5.537    1.315    1.315
    1.315    1.338    2.369    2.369    2.369    4.022    4.022    4.022    4.943    4.943
    4.943    5.541    5.541    5.541    6.141    6.141    6.141    6.142    6.142    6.305
    6.701    6.701   11.585   12.131   12.131   12.131   12.699   12.699   12.699   13.557
   15.788   15.788   15.788   16.531   16.531   16.531   17.240   17.939   17.939   18.088
   18.088   18.088   18.905   18.905   18.905   19.063   19.134   19.134   19.134   19.538
   19.538   21.845   21.846   21.963
            0.000000  0.000000  0.249899
   -8.026   -6.306   -6.121   -6.121   -6.121   -5.550   -5.550   -5.550    1.284    1.284
    1.284    1.458    2.274    2.274    2.274    4.134    4.134    4.134    4.968    4.968
    4.968    5.619    5.619    5.619    6.104    6.104    6.104    6.131    6.155    6.155
    6.686    6.686   11.721   12.039   12.039   12.039   12.710   12.710   12.710   13.574
   15.958   15.958   15.959   16.403   16.403   16.403   17.192   17.937   17.937   18.191
   18.191   18.191   18.738   18.738   18.738   18.882   19.149   19.149   19.149   19.435
   19.435   21.874   21.874   21.874
            0.000000  0.000000  0.281136
   -7.986   -6.376   -6.102   -6.102   -6.102   -5.564   -5.564   -5.564    1.255    1.255
    1.255    1.589    2.177    2.177    2.177    4.252    4.252    4.253    4.997    4.997
    4.997    5.691    5.691    5.691    5.945    6.063    6.063    6.063    6.171    6.171
    6.670    6.670   11.863   11.957   11.957   11.957   12.718   12.718   12.718   13.590
   16.126   16.126   16.126   16.277   16.277   16.277   17.143   17.938   17.938   18.305
   18.305   18.305   18.572   18.572   18.572   18.701   19.157   19.157   19.157   19.328
   19.328   21.773   21.773   21.773
            0.000000  0.000000  0.312374
   -7.941   -6.450   -6.082   -6.082   -6.082   -5.581   -5.581   -5.581    1.230    1.230
    1.230    1.733    2.080    2.080    2.080    4.377    4.377    4.377    5.029    5.029
    5.029    5.751    5.756    5.756    5.756    6.019    6.019    6.019    6.187    6.187
    6.651    6.651   11.888   11.888   11.888   12.009   12.719   12.719   12.719   13.603
   16.160   16.160   16.160   16.282   16.282   16.283   17.096   17.942   17.942   18.417
   18.417   18.417   18.431   18.431   18.431   18.521   19.158   19.158   19.158   19.219
   19.219   21.661   21.661   21.661
            0.000000  0.000000  0.343611
   -7.892   -6.528   -6.060   -6.060   -6.060   -5.598   -5.598   -5.598    1.209    1.209
    1.209    1.887    1.984    1.984    1.984    4.505    4.505    4.505    5.064    5.064
    5.064    5.549    5.809    5.809    5.809    5.972    5.972    5.972    6.205    6.205
    6.632    6.632   11.834   11.834   11.834   12.156   12.711   12.711   12.711   13.614
   16.055   16.055   16.055   16.419   16.419   16.420   17.052   17.951   17.951   18.281
   18.281   18.281   18.345   18.566   18.566   18.566   19.111   19.111   19.151   19.151
   19.151   21.538   21.538   21.538
            0.000000  0.000000  0.374848
   -7.839   -6.610   -6.036   -6.036   -6.036   -5.618   -5.618   -5.618    1.195    1.195
    1.195    1.891    1.891    1.891    2.051    4.635    4.635    4.635    5.102    5.102
    5.102    5.341    5.850    5.850    5.850    5.922    5.922    5.922    6.225    6.225
    6.611    6.611   11.798   11.798   11.798   12.303   12.693   12.693   12.693   13.619
   15.966   15.966   15.966   16.525   16.525   16.525   17.013   17.965   17.965   18.174
   18.176   18.176   18.176   18.711   18.711   18.711   19.004   19.004   19.134   19.134
   19.134   21.405   21.405   21.405
            0.000000  0.000000  0.406086
   -7.782   -6.693   -6.011   -6.011   -6.011   -5.639   -5.639   -5.639    1.186    1.186
    1.186    1.801    1.801    1.801    2.224    4.767    4.767    4.767    5.129    5.143
    5.143    5.143    5.871    5.871    5.871    5.875    5.875    5.875    6.246    6.246
    6.589    6.589   11.780   11.780   11.780   12.449   12.662   12.662   12.662   13.617
   15.898   15.898   15.898   16.588   16.588   16.588   16.983   17.984   17.984   18.009
   18.113   18.113   18.113   18.863   18.863   18.863   18.899   18.899   19.108   19.108
   19.108   21.263   21.263   21.263
            0.000000  0.000000  0.437323
   -7.721   -6.778   -5.985   -5.985   -5.985   -5.661   -5.661   -5.661    1.184    1.184
    1.184    1.716    1.716    1.716    2.404    4.898    4.898    4.898    4.914    5.186
    5.186    5.186    5.818    5.818    5.818    5.884    5.884    5.884    6.267    6.268
    6.565    6.565   11.781   11.781   11.781   12.591   12.617   12.617   12.617   13.606
   15.854   15.854   15.854   16.599   16.599   16.599   16.962   17.851   18.009   18.009
   18.102   18.102   18.102   18.798   18.798   19.024   19.024   19.024   19.072   19.072
   19.072   21.112   21.112   21.112
            0.000000  0.000000  0.468560
   -7.657   -6.864   -5.959   -5.959   -5.959   -5.685   -5.685   -5.685    1.189    1.189
    1.189    1.635    1.635    1.635    2.592    4.697    5.027    5.027    5.027    5.231
    5.231    5.231    5.763    5.763    5.763    5.876    5.876    5.876    6.290    6.290
    6.541    6.541   11.801   11.801   11.801   12.558   12.558   12.558   12.728   13.585
   15.834   15.834   15.834   16.562   16.562   16.562   16.954   17.703   18.041   18.041
   18.139   18.139   18.139   18.701   18.701   19.026   19.026   19.026   19.190   19.190
   19.190   20.953   20.953   20.953
            0.000000  0.000000  0.499798
   -7.588   -6.950   -5.931   -5.931   -5.931   -5.710   -5.710   -5.710    1.201    1.201
    1.201    1.560    1.560    1.560    2.786    4.479    5.153    5.153    5.153    5.279
    5.279    5.279    5.708    5.708    5.708    5.850    5.850    5.850    6.314    6.314
    6.517    6.517   11.839   11.839   11.839   12.486   12.486   12.486   12.860   13.554
   15.839   15.839   15.839   16.488   16.488   16.488   16.960   17.565   18.078   18.078
   18.214   18.214   18.214   18.608   18.608   18.968   18.968   18.968   19.362   19.362
   19.362   20.787   20.787   20.787
            0.000000  0.000000  0.531035
   -7.517   -7.036   -5.903   -5.903   -5.903   -5.736   -5.736   -5.736    1.220    1.220
    1.220    1.491    1.491    1.491    2.986    4.261    5.274    5.274    5.274    5.328
    5.328    5.328    5.652    5.652    5.652    5.808    5.808    5.808    6.338    6.338
    6.492    6.492   11.894   11.894   11.894   12.405   12.405   12.405   12.984   13.509
   15.869   15.869   15.869   16.392   16.392   16.392   16.980   17.438   18.122   18.122
   18.310   18.310   18.310   18.521   18.521   18.900   18.900   18.900   19.538   19.538
   19.538   20.616   20.616   20.616
            0.000000  0.000000  0.562272
   -7.442   -7.120   -5.875   -5.875   -5.875   -5.763   -5.763   -5.763    1.247    1.247
    1.247    1.428    1.428    1.428    3.190    4.043    5.379    5.379    5.379    5.389
    5.389    5.389    5.596    5.596    5.596    5.750    5.750    5.750    6.363    6.363
    6.466    6.466   11.962   11.962   11.962   12.316   12.316   12.316   13.099   13.452
   15.921   15.921   15.921   16.286   16.286   16.286   17.017   17.324   18.173   18.173
   18.417   18.417   18.417   18.439   18.439   18.820   18.820   18.820   19.718   19.718
   19.718   20.440   20.440   20.440
            0.000000  0.000000  0.593510
   -7.365   -7.204   -5.846   -5.846   -5.846   -5.790   -5.790   -5.790    1.281    1.281
    1.281    1.372    1.372    1.372    3.399    3.826    5.432    5.432    5.432    5.495
    5.495    5.495    5.541    5.541    5.541    5.678    5.678    5.678    6.389    6.389
    6.440    6.440   12.043   12.043   12.043   12.223   12.223   12.223   13.205   13.382
   15.993   15.993   15.993   16.180   16.180   16.180   17.070   17.224   18.230   18.230
   18.363   18.363   18.526   18.526   18.527   18.731   18.731   18.731   19.898   19.898
   19.898   20.261   20.261   20.261
            0.000000  0.000000  0.624747
   -7.286   -7.286   -5.818   -5.818   -5.818   -5.818   -5.818   -5.818    1.323    1.323
    1.323    1.323    1.323    1.323    3.611    3.611    5.486    5.486    5.486    5.486
    5.486    5.486    5.592    5.592    5.592    5.592    5.592    5.592    6.414    6.414
    6.414    6.414   12.131   12.131   12.131   12.131   12.131   12.131   13.300   13.300
   16.081   16.081   16.081   16.081   16.081   16.081   17.139   17.139   18.293   18.293
   18.293   18.293   18.632   18.632   18.632   18.632   18.632   18.632   20.080   20.080
   20.080   20.080   20.080   20.080
            0.033333 -0.000000  0.624747
   -7.283   -7.283   -5.821   -5.821   -5.821   -5.821   -5.817   -5.817    1.326    1.326
    1.329    1.329    1.329    1.329    3.611    3.611    5.431    5.431    5.470    5.470
    5.470    5.470    5.605    5.605    5.605    5.605    5.636    5.636    6.406    6.406
    6.412    6.412   12.137   12.137   12.137   12.137   12.141   12.141   13.308   13.308
   16.085   16.085   16.085   16.085   16.085   16.085   17.118   17.118   18.299   18.300
   18.305   18.305   18.608   18.608   18.625   18.625   18.625   18.625   20.084   20.084
   20.084   20.084   20.096   20.096
            0.066667 -0.000000  0.624747
   -7.276   -7.276   -5.829   -5.829   -5.829   -5.829   -5.814   -5.814    1.335    1.335
    1.348    1.348    1.348    1.348    3.609    3.609    5.334    5.334    5.434    5.434
    5.434    5.434    5.632    5.632    5.632    5.632    5.701    5.701    6.380    6.380
    6.405    6.405   12.156   12.156   12.156   12.156   12.174   12.174   13.331   13.331
   16.096   16.096   16.096   16.096   16.099   16.099   17.058   17.058   18.319   18.319
   18.337   18.337   18.541   18.541   18.604   18.604   18.604   18.605   20.095   20.095
   20.095   20.095   20.139   20.139
            0.100000 -0.000000  0.624747
   -7.265   -7.264   -5.843   -5.843   -5.843   -5.843   -5.809   -5.809    1.349    1.349
    1.379    1.379    1.379    1.379    3.607    3.607    5.221    5.221    5.391    5.391
    5.391    5.391    5.660    5.660    5.660    5.660    5.761    5.761    6.337    6.338
    6.394    6.394   12.188   12.188   12.188   12.188   12.226   12.226   13.369   13.369
   16.116   16.116   16.116   16.116   16.120   16.120   16.969   16.969   18.351   18.351
   18.382   18.382   18.442   18.442   18.572   18.572   18.572   18.572   20.112   20.112
   20.112   20.112   20.199   20.199
            0.133333 -0.000000  0.624747
   -7.248   -7.248   -5.862   -5.862   -5.862   -5.862   -5.801   -5.801    1.369    1.369
    1.422    1.422    1.422    1.422    3.602    3.602    5.096    5.096    5.345    5.345
    5.345    5.345    5.687    5.687    5.687    5.687    5.815    5.815    6.281    6.281
    6.378    6.378   12.231   12.231   12.231   12.231   12.297   12.297   13.418   13.418
   16.142   16.142   16.142   16.142   16.146   16.146   16.859   16.859   18.325   18.325
   18.395   18.395   18.431   18.431   18.529   18.529   18.529   18.529   20.132   20.132
   20.132   20.132   20.267   20.267
            0.166667 -0.000000  0.624747
   -7.227   -7.227   -5.885   -5.885   -5.885   -5.885   -5.793   -5.792    1.395    1.395
    1.476    1.476    1.476    1.476    3.596    3.596    4.961    4.961    5.297    5.297
    5.297    5.297    5.710    5.710    5.710    5.710    5.862    5.862    6.212    6.212
    6.358    6.358   12.287   12.287   12.287   12.287   12.385   12.385   13.477   13.477
   16.171   16.171   16.173   16.173   16.173   16.173   16.739   16.739   18.205   18.205
   18.447   18.448   18.480   18.480   18.480   18.480   18.480   18.480   20.151   20.151
   20.151   20.151   20.332   20.332
            0.200000 -0.000000  0.624747
   -7.202   -7.202   -5.913   -5.913   -5.913   -5.913   -5.782   -5.782    1.426    1.426
    1.540    1.540    1.540    1.540    3.586    3.586    4.817    4.817    5.249    5.249
    5.249    5.249    5.729    5.729    5.729    5.729    5.903    5.903    6.133    6.133
    6.332    6.333   12.353   12.353   12.353   12.353   12.486   12.486   13.542   13.542
   16.189   16.189   16.210   16.210   16.210   16.210   16.615   16.615   18.095   18.095
   18.426   18.426   18.426   18.426   18.498   18.498   18.537   18.537   20.167   20.168
   20.168   20.168   20.389   20.389
            0.233333 -0.000000  0.624747
   -7.172   -7.172   -5.945   -5.945   -5.945   -5.945   -5.770   -5.770    1.463    1.463
    1.613    1.613    1.613    1.613    3.573    3.573    4.665    4.665    5.202    5.202
    5.202    5.202    5.744    5.744    5.744    5.744    5.940    5.940    6.048    6.048
    6.302    6.303   12.429   12.429   12.429   12.429   12.599   12.599   13.609   13.609
   16.190   16.190   16.248   16.248   16.248   16.249   16.493   16.493   18.007   18.007
   18.370   18.370   18.370   18.370   18.531   18.531   18.612   18.612   20.177   20.177
   20.177   20.177   20.436   20.436
            0.266667 -0.000000  0.624747
   -7.138   -7.138   -5.980   -5.980   -5.980   -5.980   -5.756   -5.756    1.505    1.505
    1.694    1.694    1.694    1.694    3.555    3.555    4.508    4.508    5.157    5.157
    5.157    5.157    5.755    5.755    5.755    5.755    5.958    5.958    5.974    5.974
    6.268    6.268   12.514   12.514   12.514   12.514   12.721   12.721   13.673   13.673
   16.165   16.165   16.288   16.288   16.288   16.288   16.380   16.380   17.953   17.953
   18.314   18.314   18.314   18.314   18.548   18.548   18.701   18.701   20.178   20.178
   20.178   20.178   20.471   20.471
            0.300000 -0.000000  0.624747
   -7.100   -7.100   -6.018   -6.018   -6.018   -6.018   -5.741   -5.741    1.552    1.552
    1.783    1.783    1.783    1.783    3.530    3.530    4.348    4.348    5.115    5.115
    5.116    5.116    5.763    5.763    5.763    5.763    5.868    5.868    6.004    6.004
    6.228    6.228   12.607   12.607   12.607   12.607   12.851   12.851   13.731   13.731
   16.109   16.109   16.280   16.280   16.326   16.326   16.326   16.326   17.942   17.942
   18.261   18.261   18.261   18.261   18.552   18.552   18.799   18.799   20.169   20.169
   20.169   20.169   20.494   20.494
            0.333333 -0.000000  0.624747
   -7.058   -7.058   -6.058   -6.058   -6.058   -6.058   -5.726   -5.726    1.603    1.603
    1.876    1.876    1.876    1.876    3.499    3.499    4.186    4.186    5.078    5.078
    5.078    5.078    5.767    5.767    5.767    5.767    5.780    5.780    6.031    6.031
    6.184    6.184   12.706   12.706   12.706   12.706   12.986   12.986   13.778   13.778
   16.020   16.020   16.197   16.197   16.361   16.361   16.361   16.361   17.973   17.973
   18.213   18.213   18.213   18.213   18.544   18.544   18.904   18.904   20.147   20.147
   20.147   20.147   20.508   20.508
            0.366667 -0.000000  0.624747
   -7.012   -7.012   -6.100   -6.100   -6.100   -6.100   -5.710   -5.710    1.658    1.658
    1.973    1.973    1.973    1.973    3.459    3.459    4.024    4.024    5.045    5.045
    5.046    5.046    5.696    5.696    5.768    5.768    5.768    5.768    6.055    6.055
    6.136    6.136   12.809   12.809   12.810   12.810   13.124   13.124   13.811   13.811
   15.901   15.901   16.134   16.134   16.389   16.389   16.389   16.389   18.042   18.042
   18.171   18.171   18.172   18.172   18.523   18.523   19.015   19.015   20.114   20.114
   20.114   20.114   20.513   20.513
            0.400000 -0.000000  0.624747
   -6.962   -6.962   -6.143   -6.143   -6.143   -6.143   -5.694   -5.694    1.717    1.717
    2.072    2.072    2.072    2.072    3.409    3.409    3.866    3.866    5.019    5.019
    5.019    5.019    5.618    5.618    5.766    5.766    5.766    5.766    6.078    6.078
    6.083    6.083   12.916   12.916   12.916   12.916   13.264   13.264   13.827   13.828
   15.762   15.762   16.094   16.094   16.409   16.409   16.409   16.409   18.137   18.138
   18.138   18.138   18.138   18.138   18.493   18.493   19.128   19.128   20.071   20.071
   20.071   20.071   20.515   20.515
            0.433333 -0.000000  0.624747
   -6.910   -6.910   -6.187   -6.187   -6.187   -6.187   -5.678   -5.678    1.778    1.778
    2.171    2.171    2.171    2.171    3.350    3.350    3.712    3.712    5.001    5.001
    5.001    5.001    5.547    5.547    5.763    5.763    5.763    5.763    6.028    6.028
    6.098    6.098   13.022   13.022   13.022   13.022   13.406   13.406   13.827   13.827
   15.607   15.607   16.076   16.076   16.419   16.419   16.419   16.419   18.113   18.113
   18.113   18.113   18.250   18.250   18.453   18.453   19.240   19.240   20.021   20.021
   20.021   20.021   20.516   20.516
            0.466667 -0.000000  0.624747
   -6.854   -6.854   -6.231   -6.231   -6.231   -6.230   -5.663   -5.663    1.841    1.841
    2.268    2.268    2.268    2.268    3.281    3.281    3.566    3.566    4.990    4.990
    4.990    4.990    5.484    5.484    5.757    5.757    5.757    5.757    5.971    5.971
    6.116    6.116   13.127   13.127   13.127   13.127   13.548   13.548   13.810   13.810
   15.445   15.445   16.080   16.080   16.419   16.419   16.419   16.419   18.096   18.096
   18.096   18.096   18.368   18.368   18.407   18.407   19.349   19.349   19.968   19.968
   19.968   19.968   20.520   20.520
            0.500000 -0.000000  0.624747
   -6.795   -6.795   -6.274   -6.274   -6.274   -6.274   -5.649   -5.649    1.903    1.903
    2.362    2.362    2.362    2.362    3.203    3.203    3.430    3.430    4.988    4.988
    4.989    4.989    5.427    5.427    5.751    5.751    5.751    5.751    5.913    5.913
    6.131    6.131   13.227   13.227   13.227   13.227   13.690   13.690   13.780   13.780
   15.281   15.281   16.101   16.101   16.409   16.409   16.409   16.409   18.086   18.086
   18.086   18.086   18.355   18.355   18.481   18.481   19.451   19.451   19.916   19.916
   19.916   19.916   20.530   20.530
            0.533333 -0.000000  0.624747
   -6.733   -6.733   -6.316   -6.316   -6.316   -6.316   -5.636   -5.636    1.963    1.963
    2.450    2.450    2.450    2.450    3.117    3.117    3.309    3.309    4.996    4.996
    4.997    4.997    5.373    5.373    5.744    5.744    5.744    5.744    5.858    5.858
    6.144    6.144   13.318   13.318   13.318   13.318   13.740   13.740   13.830   13.830
   15.117   15.117   16.135   16.135   16.391   16.391   16.391   16.391   18.083   18.083
   18.083   18.083   18.301   18.301   18.581   18.581   19.542   19.542   19.868   19.868
   19.868   19.868   20.549   20.549
            0.566667 -0.000000  0.624747
   -6.670   -6.670   -6.358   -6.357   -6.357   -6.357   -5.626   -5.626    2.017    2.017
    2.531    2.531    2.531    2.531    3.024    3.024    3.205    3.205    5.014    5.014
    5.014    5.014    5.320    5.320    5.738    5.738    5.738    5.738    5.809    5.810
    6.155    6.155   13.399   13.399   13.399   13.399   13.694   13.694   13.966   13.966
   14.960   14.960   16.177   16.177   16.368   16.368   16.368   16.368   18.084   18.084
   18.084   18.084   18.247   18.247   18.660   18.660   19.620   19.620   19.828   19.828
   19.828   19.828   20.575   20.575
            0.600000 -0.000000  0.624747
   -6.605   -6.605   -6.397   -6.397   -6.397   -6.397   -5.617   -5.617    2.060    2.060
    2.604    2.604    2.604    2.604    2.927    2.927    3.126    3.126    5.041    5.041
    5.041    5.041    5.261    5.261    5.733    5.733    5.733    5.733    5.770    5.770
    6.163    6.163   13.466   13.466   13.466   13.466   13.645   13.645   14.094   14.094
   14.816   14.816   16.222   16.222   16.344   16.344   16.344   16.344   18.089   18.089
   18.089   18.089   18.196   18.196   18.716   18.716   19.682   19.683   19.796   19.796
   19.797   19.797   20.604   20.604
            0.633333 -0.000000  0.624747
   -6.538   -6.538   -6.435   -6.435   -6.435   -6.435   -5.612   -5.612    2.088    2.088
    2.669    2.669    2.669    2.669    2.826    2.826    3.076    3.076    5.075    5.075
    5.075    5.075    5.193    5.193    5.731    5.731    5.731    5.731    5.744    5.744
    6.168    6.168   13.516   13.516   13.516   13.516   13.595   13.595   14.199   14.199
   14.700   14.700   16.265   16.265   16.320   16.321   16.321   16.321   18.098   18.098
   18.099   18.099   18.150   18.150   18.748   18.748   19.729   19.729   19.774   19.774
   19.774   19.774   20.627   20.627
            0.666667 -0.000000  0.624747
   -6.470   -6.470   -6.470   -6.470   -6.470   -6.470   -5.610   -5.610    2.097    2.097
    2.724    2.724    2.724    2.724    2.724    2.724    3.059    3.059    5.115    5.115
    5.115    5.115    5.115    5.115    5.731    5.731    5.731    5.731    5.731    5.731
    6.169    6.169   13.548   13.548   13.548   13.548   13.548   13.548   14.246   14.246
   14.650   14.650   16.302   16.302   16.302   16.302   16.302   16.302   18.112   18.112
   18.112   18.112   18.112   18.112   18.758   18.758   19.760   19.760   19.760   19.760
   19.760   19.760   20.637   20.637
            0.666667 -0.000000  0.593510
   -6.533   -6.533   -6.533   -6.406   -6.406   -6.406   -5.611   -5.611    2.102    2.102
    2.661    2.661    2.661    2.789    2.789    2.789    2.972    3.148    5.106    5.106
    5.106    5.108    5.108    5.108    5.658    5.658    5.658    5.819    5.819    5.819
    6.161    6.161   13.502   13.502   13.502   13.598   13.598   13.598   14.112   14.370
   14.660   14.660   16.279   16.279   16.279   16.313   16.313   16.313   18.075   18.075
   18.075   18.161   18.161   18.161   18.756   18.756   19.673   19.673   19.673   19.843
   19.843   19.843   20.492   20.801
            0.666667 -0.000000  0.562272
   -6.594   -6.594   -6.594   -6.342   -6.342   -6.342   -5.612   -5.612    2.114    2.114
    2.600    2.600    2.600    2.856    2.856    2.856    2.888    3.240    5.074    5.074
    5.074    5.088    5.088    5.088    5.609    5.609    5.609    5.911    5.911    5.911
    6.137    6.137   13.462   13.462   13.462   13.651   13.651   13.651   13.969   14.484
   14.689   14.689   16.245   16.245   16.245   16.314   16.314   16.314   18.049   18.049
   18.049   18.221   18.221   18.221   18.752   18.752   19.583   19.583   19.583   19.924
   19.924   19.924   20.367   20.985
            0.666667 -0.000000  0.531035
   -6.653   -6.653   -6.653   -6.277   -6.277   -6.277   -5.613   -5.613    2.135    2.135
    2.542    2.542    2.542    2.807    2.923    2.923    2.923    3.333    5.010    5.010
    5.010    5.068    5.068    5.068    5.589    5.589    5.589    6.002    6.002    6.002
    6.097    6.097   13.427   13.427   13.427   13.707   13.707   13.707   13.820   14.588
   14.737   14.737   16.200   16.200   16.200   16.305   16.305   16.305   18.034   18.034
   18.035   18.290   18.290   18.291   18.745   18.745   19.491   19.491   19.491   20.003
   20.003   20.003   20.260   21.190
            0.666667 -0.000000  0.499798
   -6.711   -6.711   -6.711   -6.212   -6.212   -6.212   -5.615   -5.615    2.165    2.165
    2.487    2.487    2.487    2.729    2.989    2.989    2.989    3.428    4.920    4.920
    4.920    5.048    5.048    5.048    5.594    5.594    5.594    6.042    6.042    6.089
    6.089    6.089   13.400   13.400   13.400   13.664   13.763   13.763   13.763   14.680
   14.803   14.803   16.146   16.146   16.146   16.289   16.289   16.289   18.028   18.028
   18.028   18.366   18.366   18.366   18.735   18.735   19.397   19.397   19.397   20.082
   20.082   20.082   20.170   21.414
            0.666667 -0.000000  0.468560
   -6.766   -6.766   -6.766   -6.147   -6.147   -6.147   -5.617   -5.617    2.202    2.202
    2.436    2.436    2.436    2.656    3.055    3.055    3.055    3.523    4.813    4.813
    4.813    5.031    5.031    5.031    5.617    5.617    5.617    5.974    5.974    6.169
    6.169    6.169   13.380   13.380   13.380   13.504   13.820   13.820   13.820   14.763
   14.886   14.886   16.084   16.084   16.084   16.268   16.268   16.268   18.027   18.027
   18.027   18.444   18.444   18.444   18.722   18.722   19.303   19.303   19.303   20.095
   20.162   20.162   20.162   21.658
            0.666667 -0.000000  0.437323
   -6.819   -6.819   -6.819   -6.084   -6.084   -6.084   -5.620   -5.620    2.247    2.247
    2.388    2.388    2.388    2.586    3.119    3.119    3.119    3.618    4.697    4.697
    4.697    5.018    5.018    5.018    5.650    5.650    5.650    5.893    5.893    6.239
    6.239    6.239   13.342   13.369   13.369   13.369   13.876   13.876   13.876   14.835
   14.983   14.983   16.018   16.018   16.018   16.243   16.243   16.243   18.029   18.029
   18.029   18.521   18.522   18.522   18.707   18.707   19.212   19.212   19.212   20.034
   20.245   20.245   20.245   21.696
            0.666667 -0.000000  0.406086
   -6.869   -6.869   -6.868   -6.021   -6.021   -6.021   -5.623   -5.623    2.299    2.299
    2.345    2.345    2.345    2.520    3.181    3.181    3.181    3.713    4.576    4.576
    4.576    5.010    5.010    5.010    5.689    5.689    5.689    5.801    5.801    6.300
    6.300    6.300   13.180   13.365   13.365   13.365   13.931   13.931   13.931   14.898
   15.094   15.094   15.949   15.949   15.949   16.215   16.215   16.215   18.031   18.031
   18.031   18.592   18.592   18.592   18.689   18.689   19.130   19.131   19.131   19.986
   20.332   20.332   20.332   21.587
            0.666667 -0.000000  0.374848
   -6.915   -6.915   -6.915   -5.961   -5.961   -5.961   -5.627   -5.627    2.306    2.306
    2.306    2.359    2.359    2.459    3.239    3.239    3.239    3.806    4.454    4.454
    4.454    5.007    5.007    5.007    5.700    5.700    5.730    5.730    5.730    6.350
    6.350    6.350   13.019   13.370   13.370   13.370   13.983   13.983   13.983   14.952
   15.216   15.216   15.878   15.878   15.878   16.187   16.187   16.187   18.030   18.031
   18.031   18.647   18.647   18.647   18.669   18.669   19.066   19.067   19.067   19.948
   20.424   20.424   20.424   21.487
            0.666667 -0.000000  0.343611
   -6.959   -6.959   -6.959   -5.903   -5.903   -5.903   -5.631   -5.631    2.271    2.271
    2.271    2.402    2.424    2.424    3.293    3.293    3.293    3.897    4.334    4.334
    4.334    5.012    5.012    5.012    5.591    5.591    5.773    5.773    5.773    6.389
    6.389    6.389   12.861   13.383   13.383   13.383   14.032   14.032   14.032   14.998
   15.347   15.347   15.808   15.809   15.809   16.158   16.158   16.158   18.026   18.026
   18.026   18.646   18.646   18.671   18.671   18.671   19.034   19.034   19.034   19.920
   20.522   20.522   20.522   21.395
            0.666667 -0.000000  0.312374
   -7.000   -7.000   -7.000   -5.848   -5.848   -5.848   -5.634   -5.634    2.241    2.241
    2.241    2.349    2.496    2.496    3.342    3.342    3.342    3.986    4.218    4.218
    4.218    5.022    5.022    5.022    5.476    5.476    5.815    5.815    5.815    6.417
    6.417    6.417   12.709   13.403   13.403   13.403   14.077   14.077   14.077   15.037
   15.484   15.484   15.741   15.741   15.741   16.129   16.129   16.129   18.016   18.016
   18.017   18.622   18.622   18.658   18.658   18.658   19.042   19.043   19.043   19.899
   20.627   20.627   20.627   21.311
            0.666667 -0.000000  0.281136
   -7.037   -7.037   -7.037   -5.796   -5.796   -5.796   -5.638   -5.638    2.215    2.215
    2.215    2.302    2.573    2.573    3.386    3.386    3.386    4.070    4.107    4.107
    4.107    5.039    5.039    5.039    5.358    5.358    5.856    5.856    5.856    6.435
    6.435    6.435   12.565   13.429   13.429   13.429   14.118   14.118   14.118   15.069
   15.625   15.625   15.676   15.676   15.676   16.101   16.102   16.102   18.002   18.002
   18.002   18.595   18.595   18.618   18.618   18.618   19.079   19.079   19.079   19.885
   20.737   20.738   20.738   21.232
            0.666667 -0.000000  0.249899
   -7.070   -7.070   -7.070   -5.748   -5.748   -5.748   -5.642   -5.642    2.193    2.193
    2.193    2.259    2.653    2.653    3.425    3.425    3.425    4.002    4.002    4.002
    4.149    5.062    5.062    5.062    5.237    5.237    5.895    5.895    5.895    6.444
    6.444    6.444   12.429   13.460   13.460   13.460   14.155   14.155   14.155   15.096
   15.615   15.615   15.616   15.767   15.767   16.075   16.075   16.075   17.982   17.982
   17.982   18.566   18.566   18.569   18.569   18.569   19.128   19.128   19.128   19.876
   20.854   20.854   20.854   21.160
            0.666667 -0.000000  0.218661
   -7.100   -7.100   -7.100   -5.704   -5.704   -5.704   -5.645   -5.645    2.175    2.175
    2.176    2.221    2.736    2.736    3.457    3.457    3.457    3.905    3.905    3.905
    4.223    5.089    5.089    5.089    5.116    5.116    5.930    5.930    5.930    6.444
    6.444    6.444   12.304   13.495   13.495   13.495   14.188   14.188   14.188   15.118
   15.560   15.560   15.560   15.907   15.907   16.051   16.051   16.051   17.959   17.959
   17.959   18.520   18.520   18.520   18.536   18.536   19.179   19.179   19.179   19.871
   20.973   20.973   20.974   21.093
            0.666667 -0.000000  0.187424
   -7.126   -7.126   -7.126   -5.665   -5.665   -5.665   -5.648   -5.648    2.162    2.162
    2.162    2.187    2.820    2.820    3.485    3.485    3.485    3.818    3.818    3.818
    4.289    4.998    4.998    5.120    5.120    5.120    5.963    5.963    5.963    6.437
    6.437    6.437   12.192   13.530   13.530   13.530   14.216   14.216   14.216   15.136
   15.510   15.510   15.510   16.028   16.028   16.028   16.041   16.041   17.933   17.933
   17.933   18.476   18.476   18.476   18.505   18.505   19.228   19.228   19.228   19.869
   21.031   21.031   21.031   21.095
            0.666667 -0.000000  0.156187
   -7.148   -7.148   -7.148   -5.651   -5.651   -5.631   -5.631   -5.631    2.151    2.151
    2.151    2.159    2.903    2.903    3.507    3.507    3.507    3.742    3.742    3.742
    4.347    4.886    4.886    5.152    5.152    5.152    5.991    5.991    5.991    6.425
    6.425    6.425   12.094   13.566   13.566   13.566   14.240   14.240   14.240   15.150
   15.466   15.466   15.466   16.008   16.008   16.008   16.166   16.166   17.907   17.907
   17.907   18.439   18.439   18.439   18.474   18.474   19.272   19.272   19.272   19.869
   20.976   20.976   20.976   21.216
            0.666667 -0.000000  0.124949
   -7.167   -7.167   -7.167   -5.653   -5.653   -5.603   -5.603   -5.603    2.136    2.144
    2.144    2.144    2.980    2.980    3.524    3.524    3.524    3.677    3.677    3.677
    4.397    4.783    4.783    5.183    5.183    5.183    6.015    6.015    6.015    6.411
    6.411    6.411   12.012   13.598   13.598   13.598   14.259   14.259   14.259   15.161
   15.430   15.430   15.430   15.991   15.991   15.991   16.278   16.278   17.882   17.882
   17.882   18.409   18.409   18.409   18.444   18.444   19.310   19.310   19.310   19.870
   20.928   20.928   20.928   21.332
            0.666667 -0.000000  0.093712
   -7.181   -7.181   -7.181   -5.655   -5.655   -5.581   -5.581   -5.581    2.118    2.138
    2.138    2.138    3.050    3.050    3.537    3.537    3.537    3.626    3.626    3.626
    4.436    4.694    4.694    5.211    5.211    5.211    6.034    6.034    6.034    6.397
    6.397    6.397   11.946   13.626   13.626   13.626   14.273   14.273   14.273   15.170
   15.400   15.400   15.400   15.977   15.977   15.977   16.371   16.371   17.860   17.860
   17.860   18.386   18.386   18.386   18.417   18.417   19.341   19.341   19.341   19.871
   20.889   20.889   20.889   21.438
            0.666667 -0.000000  0.062475
   -7.191   -7.191   -7.191   -5.657   -5.657   -5.565   -5.565   -5.565    2.105    2.135
    2.135    2.135    3.105    3.105    3.546    3.546    3.546    3.588    3.588    3.588
    4.465    4.624    4.624    5.233    5.233    5.233    6.047    6.048    6.048    6.384
    6.384    6.384   11.899   13.648   13.648   13.648   14.284   14.284   14.284   15.175
   15.379   15.379   15.379   15.966   15.966   15.966   16.442   16.442   17.843   17.843
   17.843   18.370   18.370   18.370   18.396   18.396   19.364   19.364   19.364   19.873
   20.859   20.859   20.859   21.503
            0.666667 -0.000000  0.031237
   -7.197   -7.197   -7.197   -5.658   -5.657   -5.555   -5.555   -5.555    2.098    2.133
    2.133    2.133    3.142    3.142    3.551    3.551    3.551    3.565    3.565    3.565
    4.482    4.578    4.578    5.247    5.247    5.247    6.056    6.056    6.056    6.376
    6.376    6.376   11.870   13.661   13.661   13.661   14.290   14.290   14.290   15.179
   15.366   15.366   15.366   15.960   15.960   15.960   16.487   16.487   17.833   17.833
   17.833   18.361   18.361   18.361   18.382   18.382   19.378   19.378   19.378   19.874
   20.841   20.841   20.841   21.472
            0.666667 -0.000000  0.000000
   -7.199   -7.199   -7.199   -5.658   -5.658   -5.552   -5.552   -5.552    2.095    2.133
    2.133    2.133    3.154    3.155    3.553    3.553    3.553    3.557    3.557    3.558
    4.488    4.563    4.563    5.252    5.252    5.252    6.059    6.059    6.059    6.373
    6.373    6.373   11.860   13.666   13.666   13.666   14.292   14.292   14.292   15.180
   15.362   15.362   15.362   15.958   15.958   15.958   16.502   16.502   17.829   17.829
   17.829   18.358   18.358   18.358   18.377   18.377   19.383   19.383   19.383   19.874
   20.835   20.835   20.835   21.462
            0.633333 -0.000000  0.000000
   -7.286   -7.154   -7.154   -5.696   -5.622   -5.582   -5.537   -5.537    2.022    2.091
    2.192    2.192    3.136    3.179    3.400    3.401    3.560    3.560    3.687    3.723
    4.476    4.499    4.648    5.196    5.196    5.352    6.026    6.026    6.135    6.336
    6.336    6.439   11.867   13.525   13.724   13.724   14.190   14.190   14.495   15.169
   15.302   15.302   15.415   15.839   16.061   16.061   16.455   16.543   17.795   17.795
   17.908   18.296   18.340   18.340   18.412   18.453   19.360   19.360   19.415   19.868
   20.663   20.914   20.915   21.347
            0.600000 -0.000000  0.000000
   -7.370   -7.105   -7.105   -5.736   -5.613   -5.592   -5.522   -5.522    1.915    2.078
    2.256    2.256    3.144    3.191    3.244    3.244    3.560    3.560    3.825    3.898
    4.392    4.533    4.726    5.131    5.131    5.447    6.008    6.008    6.208    6.295
    6.295    6.501   11.887   13.379   13.753   13.753   14.093   14.093   14.697   15.133
   15.206   15.206   15.485   15.717   16.216   16.217   16.400   16.581   17.766   17.766
   17.998   18.208   18.336   18.336   18.483   18.523   19.329   19.329   19.441   19.854
   20.486   20.988   20.988   21.257
            0.566667 -0.000000  0.000000
   -7.451   -7.052   -7.052   -5.775   -5.646   -5.567   -5.507   -5.507    1.813    2.053
    2.325    2.325    3.086    3.086    3.179    3.189    3.553    3.553    3.971    4.079
    4.311    4.590    4.798    5.063    5.063    5.538    6.001    6.001    6.249    6.249
    6.276    6.559   11.918   13.228   13.739   13.739   14.008   14.008   14.890   15.070
   15.114   15.114   15.573   15.598   16.338   16.385   16.385   16.617   17.739   17.739
   18.101   18.117   18.349   18.350   18.569   18.587   19.289   19.290   19.458   19.837
   20.314   21.056   21.056   21.197
            0.533333 -0.000000  0.000000
   -7.529   -6.997   -6.997   -5.815   -5.679   -5.545   -5.493   -5.493    1.715    2.019
    2.398    2.398    2.930    2.930    3.176    3.239    3.537    3.538    4.122    4.234
    4.263    4.668    4.862    4.996    4.996    5.623    6.004    6.004    6.198    6.198
    6.340    6.612   11.961   13.072   13.679   13.679   13.934   13.935   14.978   15.044
   15.044   15.049   15.508   15.676   16.268   16.547   16.547   16.654   17.717   17.717
   18.024   18.214   18.385   18.385   18.644   18.667   19.245   19.245   19.457   19.819
   20.159   21.122   21.122   21.128
            0.500000 -0.000000  0.000000
   -7.603   -6.939   -6.939   -5.854   -5.712   -5.528   -5.479   -5.479    1.623    1.976
    2.474    2.474    2.776    2.776    3.153    3.321    3.513    3.513    4.160    4.279
    4.450    4.761    4.923    4.935    4.935    5.704    6.013    6.013    6.142    6.142
    6.399    6.662   12.012   12.914   13.590   13.590   13.857   13.857   14.859   15.000
   15.000   15.100   15.522   15.794   16.189   16.692   16.692   16.692   17.700   17.700
   17.933   18.339   18.444   18.444   18.694   18.775   19.197   19.197   19.422   19.803
   20.044   21.025   21.167   21.187
            0.466667 -0.000000  0.000000
   -7.674   -6.879   -6.879   -5.893   -5.744   -5.515   -5.467   -5.467    1.535    1.929
    2.551    2.551    2.630    2.630    3.123    3.422    3.478    3.478    4.091    4.439
    4.639    4.861    4.883    4.883    4.983    5.780    6.027    6.027    6.083    6.083
    6.454    6.707   12.071   12.752   13.488   13.488   13.765   13.765   14.713   14.981
   14.981   15.020   15.661   15.926   16.102   16.731   16.811   16.811   17.691   17.691
   17.848   18.473   18.526   18.526   18.738   18.886   19.148   19.149   19.344   19.788
   19.987   20.928   21.195   21.255
            0.433333 -0.000000  0.000000
   -7.741   -6.818   -6.818   -5.930   -5.776   -5.505   -5.457   -5.457    1.453    1.878
    2.477    2.477    2.644    2.644    3.089    3.432    3.432    3.536    4.025    4.602
    4.828    4.842    4.842    4.950    5.058    5.851    6.008    6.008    6.055    6.055
    6.504    6.747   12.136   12.589   13.383   13.383   13.659   13.659   14.546   14.891
   14.980   14.980   15.844   16.006   16.072   16.771   16.902   16.902   17.692   17.692
   17.772   18.617   18.628   18.628   18.777   18.985   19.101   19.101   19.239   19.774
   19.990   20.837   21.247   21.261
            0.400000 -0.000000  0.000000
   -7.804   -6.754   -6.754   -5.966   -5.807   -5.497   -5.449   -5.449    1.377    1.827
    2.340    2.340    2.730    2.730    3.052    3.377    3.377    3.661    3.964    4.766
    4.813    4.813    5.008    5.015    5.165    5.918    5.941    5.941    6.074    6.074
    6.549    6.784   12.203   12.425   13.280   13.280   13.542   13.542   14.362   14.745
   14.988   14.988   15.902   16.036   16.229   16.812   16.964   16.964   17.702   17.702
   17.707   18.745   18.745   18.769   18.811   18.991   19.058   19.058   19.203   19.762
   20.036   20.752   21.098   21.318
            0.366667 -0.000000  0.000000
   -7.862   -6.691   -6.691   -6.000   -5.837   -5.492   -5.443   -5.442    1.306    1.776
    2.210    2.210    2.818    2.818    3.014    3.315    3.315    3.793    3.907    4.795
    4.795    4.930    5.047    5.198    5.291    5.867    5.867    5.983    6.097    6.097
    6.589    6.817   12.261   12.272   13.182   13.182   13.422   13.422   14.165   14.595
   15.000   15.000   15.793   16.228   16.397   16.853   17.004   17.004   17.657   17.718
   17.718   18.842   18.870   18.870   18.873   18.928   19.020   19.020   19.283   19.750
   20.116   20.673   20.945   21.405
            0.333333 -0.000000  0.000000
   -7.916   -6.627   -6.627   -6.032   -5.865   -5.489   -5.439   -5.439    1.241    1.728
    2.088    2.088    2.908    2.908    2.977    3.249    3.249    3.851    3.934    4.786
    4.786    5.075    5.092    5.375    5.422    5.788    5.788    6.046    6.120    6.121
    6.625    6.847   12.099   12.339   13.090   13.090   13.303   13.303   13.962   14.443
   15.011   15.011   15.682   16.413   16.573   16.892   17.028   17.028   17.622   17.735
   17.735   18.732   18.870   18.980   18.980   19.005   19.005   19.092   19.379   19.738
   20.222   20.595   20.808   21.502
            0.300000 -0.000000  0.000000
   -7.965   -6.563   -6.563   -6.061   -5.891   -5.488   -5.438   -5.438    1.182    1.682
    1.975    1.975    2.942    2.994    2.994    3.185    3.185    3.804    4.071    4.785
    4.786    5.098    5.249    5.540    5.554    5.708    5.708    6.111    6.144    6.144
    6.656    6.873   11.939   12.403   13.005   13.006   13.188   13.188   13.758   14.294
   15.020   15.020   15.570   16.589   16.756   16.929   17.044   17.044   17.602   17.750
   17.750   18.595   18.895   18.965   18.966   19.119   19.119   19.259   19.470   19.726
   20.351   20.514   20.696   21.607
            0.266667 -0.000000  0.000000
   -8.009   -6.501   -6.501   -6.088   -5.915   -5.487   -5.440   -5.440    1.129    1.640
    1.872    1.872    2.908    3.050    3.050    3.151    3.151    3.761    4.207    4.791
    4.791    5.116    5.400    5.625    5.625    5.683    5.688    6.168    6.168    6.181
    6.682    6.895   11.783   12.460   12.929   12.929   13.080   13.080   13.558   14.149
   15.026   15.026   15.462   16.754   16.942   16.964   17.055   17.055   17.596   17.761
   17.761   18.467   18.917   18.953   18.953   19.230   19.230   19.423   19.555   19.713
   20.424   20.495   20.620   21.714
            0.233333 -0.000000  0.000000
   -8.049   -6.441   -6.441   -6.113   -5.936   -5.488   -5.445   -5.445    1.082    1.602
    1.780    1.780    2.878    3.018    3.018    3.207    3.207    3.723    4.339    4.799
    4.800    5.130    5.542    5.542    5.543    5.805    5.812    6.189    6.190    6.260
    6.704    6.915   11.635   12.510   12.861   12.861   12.981   12.981   13.367   14.011
   15.027   15.028   15.361   16.905   16.996   17.064   17.064   17.129   17.602   17.766
   17.766   18.353   18.937   18.949   18.949   19.329   19.329   19.579   19.633   19.700
   20.327   20.582   20.648   21.820
            0.200000 -0.000000  0.000000
   -8.083   -6.385   -6.385   -6.134   -5.956   -5.489   -5.452   -5.451    1.041    1.568
    1.700    1.700    2.851    2.962    2.962    3.288    3.288    3.689    4.462    4.811
    4.811    5.141    5.461    5.461    5.675    5.909    5.918    6.210    6.210    6.351
    6.721    6.931   11.495   12.551   12.802   12.802   12.892   12.892   13.189   13.884
   15.027   15.027   15.270   17.023   17.040   17.073   17.073   17.311   17.618   17.766
   17.766   18.253   18.952   18.952   18.954   19.413   19.413   19.687   19.705   19.716
   20.234   20.584   20.801   21.921
            0.166667 -0.000000  0.000000
   -8.112   -6.333   -6.333   -6.153   -5.972   -5.490   -5.460   -5.460    1.006    1.539
    1.631    1.631    2.827    2.908    2.908    3.368    3.368    3.661    4.574    4.822
    4.822    5.149    5.384    5.384    5.794    5.978    6.019    6.227    6.227    6.449
    6.734    6.945   11.369   12.583   12.752   12.752   12.814   12.814   13.029   13.769
   15.024   15.024   15.190   17.048   17.080   17.081   17.157   17.484   17.642   17.763
   17.763   18.167   18.960   18.960   18.969   19.482   19.482   19.673   19.773   19.823
   20.151   20.629   20.948   21.978
            0.133333 -0.000000  0.000000
   -8.136   -6.287   -6.287   -6.168   -5.986   -5.492   -5.470   -5.470    0.977    1.516
    1.574    1.574    2.808    2.861    2.861    3.442    3.442    3.637    4.671    4.834
    4.834    5.156    5.314    5.314    5.897    6.026    6.106    6.242    6.242    6.545
    6.743    6.956   11.258   12.606   12.710   12.711   12.750   12.750   12.891   13.671
   15.020   15.020   15.125   17.068   17.088   17.088   17.255   17.642   17.669   17.757
   17.757   18.097   18.971   18.972   18.981   19.537   19.537   19.660   19.834   19.892
   20.080   20.723   21.079   21.984
            0.100000 -0.000000  0.000000
   -8.155   -6.249   -6.248   -6.180   -5.996   -5.493   -5.479   -5.479    0.955    1.497
    1.530    1.530    2.793    2.823    2.823    3.505    3.505    3.619    4.750    4.843
    4.843    5.160    5.253    5.253    5.981    6.059    6.176    6.254    6.254    6.630
    6.748    6.964   11.166   12.622   12.678   12.678   12.699   12.699   12.780   13.591
   15.015   15.015   15.074   17.083   17.094   17.094   17.332   17.697   17.751   17.751
   17.778   18.042   18.983   18.983   18.991   19.579   19.579   19.648   19.886   19.927
   20.025   20.859   21.188   21.958
            0.066667 -0.000000  0.000000
   -8.169   -6.220   -6.220   -6.188   -6.004   -5.494   -5.487   -5.487    0.939    1.483
    1.498    1.498    2.782    2.795    2.795    3.554    3.554    3.606    4.809    4.851
    4.851    5.163    5.206    5.206    6.044    6.080    6.228    6.263    6.263    6.696
    6.751    6.969   11.098   12.632   12.654   12.654   12.663   12.663   12.698   13.532
   15.012   15.012   15.037   17.094   17.099   17.099   17.387   17.720   17.745   17.745
   17.882   18.003   18.994   18.994   18.997   19.608   19.608   19.639   19.927   19.940
   19.986   21.024   21.270   21.889
            0.033333 -0.000000  0.000000
   -8.177   -6.201   -6.201   -6.194   -6.009   -5.494   -5.493   -5.493    0.930    1.475
    1.479    1.479    2.775    2.778    2.778    3.585    3.585    3.598    4.845    4.855
    4.855    5.165    5.176    5.176    6.083    6.092    6.260    6.269    6.269    6.738
    6.752    6.972   11.055   12.637   12.637   12.638   12.644   12.645   12.647   13.496
   15.009   15.009   15.016   17.101   17.102   17.102   17.420   17.735   17.742   17.742
   17.949   17.980   19.000   19.001   19.002   19.625   19.625   19.632   19.939   19.953
   19.967   21.205   21.321   21.669
            0.000000  0.000000  0.000000
   -8.179   -6.195   -6.195   -6.195   -6.010   -5.495   -5.495   -5.495    0.926    1.473
    1.473    1.473    2.773    2.773    2.773    3.596    3.596    3.596    4.857    4.857
    4.857    5.166    5.166    5.166    6.096    6.096    6.270    6.270    6.270    6.752
    6.752    6.973   11.041   12.630   12.630   12.630   12.639   12.639   12.639   13.484
   15.009   15.009   15.009   17.103   17.104   17.104   17.431   17.740   17.740   17.740
   17.972   17.972   19.003   19.003   19.003   19.630   19.630   19.630   19.937   19.962
   19.962   21.338   21.338   21.524
            0.025000  0.014434  0.000000
   -8.177   -6.202   -6.196   -6.196   -6.009   -5.494   -5.494   -5.493    0.929    1.475
    1.476    1.478    2.775    2.775    2.778    3.584    3.594    3.594    4.850    4.851
    4.858    5.168    5.168    5.176    6.086    6.093    6.265    6.265    6.271    6.741
    6.752    6.973   11.052   12.633   12.639   12.639   12.641   12.641   12.645   13.493
   15.008   15.012   15.012   17.102   17.102   17.103   17.423   17.738   17.738   17.743
   17.955   17.978   19.001   19.002   19.002   19.624   19.630   19.630   19.939   19.956
   19.965   21.229   21.325   21.641
            0.050000  0.028868  0.000000
   -8.171   -6.221   -6.198   -6.198   -6.005   -5.492   -5.492   -5.487    0.936    1.484
    1.484    1.495    2.783    2.783    2.793    3.551    3.590    3.590    4.831    4.831
    4.863    5.175    5.175    5.207    6.056    6.085    6.247    6.247    6.274    6.709
    6.751    6.970   11.084   12.640   12.640   12.642   12.660   12.671   12.671   13.520
   15.005   15.024   15.024   17.098   17.098   17.102   17.398   17.731   17.731   17.751
   17.904   17.995   18.995   18.998   18.998   19.606   19.629   19.629   19.926   19.956
   19.974   21.071   21.289   21.827
            0.075000  0.043301  0.000000
   -8.161   -6.252   -6.201   -6.201   -6.000   -5.489   -5.489   -5.480    0.948    1.499
    1.499    1.524    2.795    2.795    2.819    3.499    3.584    3.584    4.800    4.800
    4.870    5.186    5.186    5.254    6.008    6.070    6.219    6.219    6.278    6.658
    6.750    6.966   11.136   12.642   12.642   12.657   12.686   12.722   12.722   13.565
   15.000   15.043   15.043   17.091   17.091   17.099   17.356   17.720   17.720   17.765
   17.824   18.024   18.985   18.992   18.992   19.575   19.626   19.626   19.888   19.971
   19.987   20.916   21.233   21.932
            0.100000  0.057735  0.000000
   -8.147   -6.294   -6.206   -6.206   -5.992   -5.485   -5.485   -5.471    0.965    1.520
    1.520    1.563    2.812    2.812    2.854    3.432    3.575    3.575    4.757    4.757
    4.880    5.201    5.201    5.316    5.940    6.051    6.180    6.180    6.284    6.588
    6.749    6.960   11.206   12.643   12.643   12.678   12.722   12.792   12.792   13.626
   14.992   15.069   15.069   17.081   17.081   17.097   17.298   17.705   17.705   17.719
   17.784   18.065   18.971   18.985   18.985   19.532   19.622   19.622   19.835   19.990
   20.004   20.770   21.164   21.950
            0.125000  0.072169  0.000000
   -8.129   -6.344   -6.211   -6.211   -5.981   -5.481   -5.481   -5.462    0.986    1.546
    1.546    1.614    2.833    2.833    2.899    3.352    3.564    3.564    4.704    4.704
    4.893    5.220    5.220    5.388    5.855    6.027    6.131    6.131    6.292    6.503
    6.746    6.952   11.292   12.643   12.644   12.704   12.768   12.880   12.880   13.701
   14.982   15.102   15.103   17.069   17.069   17.095   17.224   17.594   17.687   17.687
   17.808   18.117   18.955   18.977   18.978   19.478   19.614   19.614   19.770   20.008
   20.021   20.637   21.091   21.971
            0.150000  0.086603  0.000000
   -8.107   -6.401   -6.218   -6.218   -5.969   -5.475   -5.475   -5.454    1.012    1.578
    1.578    1.676    2.857    2.858    2.951    3.266    3.551    3.551    4.642    4.642
    4.909    5.241    5.242    5.467    5.754    5.999    6.074    6.074    6.301    6.405
    6.743    6.942   11.392   12.643   12.643   12.736   12.824   12.983   12.983   13.789
   14.969   15.143   15.143   17.053   17.054   17.094   17.134   17.456   17.667   17.667
   17.837   18.180   18.936   18.970   18.970   19.412   19.602   19.602   19.696   20.012
   20.032   20.525   21.021   21.980
            0.175000  0.101036  0.000000
   -8.081   -6.463   -6.225   -6.225   -5.954   -5.469   -5.469   -5.449    1.043    1.615
    1.615    1.748    2.884    2.885    3.007    3.178    3.538    3.538    4.574    4.574
    4.927    5.265    5.265    5.551    5.638    5.966    6.008    6.008    6.295    6.312
    6.738    6.930   11.503   12.641   12.641   12.773   12.890   13.101   13.101   13.888
   14.953   15.189   15.189   17.028   17.036   17.036   17.095   17.310   17.646   17.646
   17.872   18.253   18.916   18.963   18.963   19.336   19.583   19.583   19.618   19.985
   20.033   20.452   20.965   21.911
            0.200000  0.115470  0.000000
   -8.051   -6.530   -6.232   -6.232   -5.938   -5.463   -5.463   -5.446    1.078    1.658
    1.658    1.831    2.913    2.913    3.022    3.135    3.523    3.523    4.502    4.502
    4.949    5.291    5.291    5.508    5.638    5.930    5.936    5.936    6.177    6.324
    6.731    6.916   11.623   12.638   12.638   12.814   12.966   13.232   13.232   13.995
   14.933   15.240   15.240   16.905   17.015   17.015   17.098   17.164   17.627   17.627
   17.912   18.337   18.892   18.956   18.956   19.252   19.538   19.558   19.558   19.911
   20.015   20.432   20.933   21.835
            0.225000  0.129904  0.000000
   -8.018   -6.601   -6.240   -6.240   -5.920   -5.456   -5.456   -5.447    1.118    1.706
    1.706    1.924    2.941    2.941    2.943    3.191    3.508    3.508    4.427    4.427
    4.973    5.317    5.318    5.367    5.725    5.859    5.859    5.892    6.051    6.338
    6.724    6.899   11.749   12.632   12.632   12.858   13.052   13.372   13.372   14.107
   14.910   15.295   15.296   16.764   16.991   16.992   17.024   17.103   17.608   17.608
   17.958   18.430   18.865   18.951   18.951   19.164   19.459   19.524   19.524   19.798
   19.975   20.457   20.931   21.759
            0.250000  0.144338  0.000000
   -7.981   -6.674   -6.247   -6.247   -5.899   -5.450   -5.450   -5.449    1.163    1.759
    1.759    2.027    2.842    2.968    2.968    3.276    3.493    3.494    4.354    4.354
    4.999    5.216    5.344    5.344    5.778    5.778    5.813    5.850    5.919    6.353
    6.714    6.881   11.879   12.625   12.625   12.905   13.147   13.520   13.520   14.220
   14.884   15.353   15.353   16.606   16.896   16.965   16.965   17.111   17.593   17.593
   18.008   18.532   18.830   18.946   18.946   19.077   19.384   19.481   19.481   19.664
   19.912   20.510   20.961   21.645
            0.275000  0.158771  0.000000
   -7.940   -6.749   -6.255   -6.255   -5.878   -5.457   -5.443   -5.443    1.212    1.817
    1.817    2.138    2.738    2.990    2.990    3.370    3.479    3.479    4.283    4.283
    5.028    5.057    5.370    5.370    5.694    5.694    5.782    5.807    5.898    6.369
    6.704    6.859   12.013   12.616   12.616   12.952   13.251   13.674   13.674   14.330
   14.855   15.412   15.412   16.435   16.782   16.934   16.935   17.121   17.583   17.583
   18.064   18.641   18.779   18.943   18.943   19.003   19.314   19.429   19.429   19.519
   19.833   20.580   21.019   21.520
            0.300000  0.173205  0.000000
   -7.895   -6.826   -6.262   -6.262   -5.854   -5.467   -5.437   -5.437    1.266    1.878
    1.878    2.259    2.633    3.006    3.006    3.465    3.465    3.473    4.220    4.220
    4.891    5.059    5.394    5.394    5.611    5.611    5.642    5.762    5.982    6.387
    6.691    6.835   12.147   12.606   12.606   12.999   13.365   13.830   13.830   14.432
   14.826   15.471   15.471   16.255   16.687   16.900   16.900   17.132   17.578   17.578
   18.124   18.706   18.756   18.940   18.940   18.950   19.249   19.367   19.368   19.371
   19.745   20.661   21.100   21.384
            0.325000  0.187639  0.000000
   -7.847   -6.903   -6.269   -6.269   -5.830   -5.481   -5.431   -5.431    1.324    1.943
    1.943    2.386    2.530    3.013    3.013    3.451    3.452    3.582    4.167    4.167
    4.720    5.093    5.413    5.413    5.499    5.532    5.532    5.715    6.063    6.405
    6.677    6.808   12.280   12.595   12.595   13.043   13.487   13.984   13.984   14.519
   14.797   15.527   15.527   16.070   16.613   16.862   16.862   17.142   17.580   17.580
   18.190   18.618   18.872   18.919   18.936   18.936   19.189   19.224   19.299   19.299
   19.655   20.750   21.200   21.240
            0.350000  0.202073  0.000000
   -7.796   -6.980   -6.275   -6.275   -5.804   -5.497   -5.426   -5.426    1.386    2.010
    2.010    2.418    2.531    3.008    3.008    3.439    3.439    3.697    4.127    4.127
    4.545    5.129    5.354    5.408    5.408    5.478    5.478    5.668    6.141    6.424
    6.662    6.778   12.410   12.585   12.585   13.081   13.616   14.134   14.134   14.587
   14.772   15.579   15.579   15.884   16.566   16.820   16.820   17.148   17.588   17.588
   18.261   18.526   18.901   18.931   18.931   18.980   19.080   19.136   19.228   19.228
   19.577   20.847   21.089   21.316
            0.375000  0.216506  0.000000
   -7.742   -7.058   -6.281   -6.281   -5.777   -5.516   -5.421   -5.421    1.453    2.078
    2.078    2.318    2.672    2.991    2.991    3.429    3.429    3.818    4.100    4.100
    4.368    5.166    5.208    5.351    5.352    5.478    5.478    5.620    6.215    6.444
    6.645    6.745   12.535   12.574   12.574   13.110   13.751   14.275   14.275   14.629
   14.754   15.626   15.626   15.697   16.550   16.776   16.776   17.143   17.603   17.603
   18.336   18.444   18.892   18.923   18.923   18.941   19.059   19.088   19.158   19.158
   19.533   20.931   20.949   21.445
            0.400000  0.230940  0.000000
   -7.684   -7.134   -6.285   -6.285   -5.750   -5.537   -5.418   -5.418    1.523    2.145
    2.145    2.218    2.823    2.963    2.963    3.419    3.419    3.943    4.086    4.086
    4.189    5.062    5.206    5.287    5.287    5.490    5.490    5.571    6.286    6.465
    6.628    6.709   12.565   12.565   12.655   13.127   13.892   14.402   14.402   14.642
   14.746   15.515   15.666   15.667   16.566   16.731   16.731   17.124   17.622   17.622
   18.379   18.415   18.810   18.889   18.907   18.908   19.046   19.076   19.099   19.099
   19.557   20.768   21.055   21.445
            0.425000  0.245374  0.000000
   -7.624   -7.209   -6.289   -6.289   -5.722   -5.560   -5.415   -5.415    1.598    2.121
    2.208    2.208    2.927    2.928    2.979    3.412    3.412    4.010    4.073    4.082
    4.082    4.916    5.229    5.229    5.248    5.502    5.502    5.523    6.352    6.485
    6.609    6.669   12.557   12.557   12.765   13.129   14.034   14.510   14.510   14.628
   14.754   15.340   15.700   15.700   16.612   16.689   16.689   17.085   17.644   17.644
   18.342   18.499   18.689   18.883   18.883   18.891   19.009   19.030   19.056   19.056
   19.652   20.601   21.163   21.437
            0.450000  0.259808  0.000000
   -7.560   -7.283   -6.292   -6.292   -5.694   -5.585   -5.412   -5.412    1.676    2.025
    2.262    2.262    2.892    2.892    3.142    3.407    3.407    3.831    4.083    4.083
    4.207    4.770    5.185    5.185    5.291    5.475    5.511    5.511    6.415    6.506
    6.589    6.626   12.551   12.551   12.866   13.113   14.175   14.586   14.593   14.593
   14.782   15.178   15.724   15.724   16.654   16.654   16.682   17.025   17.663   17.663
   18.335   18.580   18.586   18.853   18.853   18.899   18.952   18.977   19.032   19.032
   19.786   20.433   21.273   21.434
            0.475000  0.274241  0.000000
   -7.494   -7.356   -6.293   -6.293   -5.666   -5.611   -5.411   -5.411    1.758    1.933
    2.300    2.300    2.864    2.864    3.309    3.404    3.404    3.654    4.086    4.086
    4.344    4.626    5.157    5.157    5.335    5.428    5.517    5.517    6.474    6.527
    6.569    6.579   12.548   12.548   12.953   13.078   14.308   14.518   14.645   14.645
   14.836   15.035   15.740   15.740   16.630   16.631   16.767   16.948   17.677   17.677
   18.359   18.486   18.677   18.829   18.829   18.863   18.911   18.950   19.021   19.021
   19.937   20.265   21.384   21.433
            0.500000  0.288675  0.000000
   -7.426   -7.426   -6.294   -6.294   -5.638   -5.638   -5.411   -5.411    1.844    1.844
    2.313    2.313    2.853    2.853    3.403    3.403    3.480    3.480    4.088    4.088
    4.484    4.484    5.147    5.147    5.381    5.381    5.519    5.519    6.528    6.528
    6.548    6.548   12.546   12.546   13.024   13.024   14.424   14.424   14.663   14.663
   14.919   14.919   15.745   15.745   16.622   16.622   16.859   16.859   17.682   17.682
   18.411   18.411   18.770   18.770   18.820   18.820   18.928   18.928   19.018   19.018
   20.099   20.099   21.433   21.433
            0.500000  0.288675  0.031237
   -7.424   -7.424   -6.292   -6.292   -5.642   -5.642   -5.412   -5.412    1.847    1.848
    2.313    2.313    2.827    2.827    3.434    3.434    3.484    3.484    4.080    4.080
    4.479    4.479    5.143    5.143    5.382    5.382    5.529    5.529    6.527    6.527
    6.546    6.546   12.552   12.552   13.020   13.020   14.423   14.423   14.658   14.658
   14.926   14.927   15.736   15.736   16.621   16.621   16.859   16.859   17.695   17.695
   18.395   18.395   18.772   18.772   18.795   18.795   18.942   18.942   19.035   19.035
   20.101   20.101   21.442   21.442
            0.500000  0.288675  0.062475
   -7.418   -7.418   -6.288   -6.288   -5.653   -5.653   -5.416   -5.416    1.858    1.858
    2.313    2.313    2.763    2.763    3.498    3.498    3.515    3.515    4.056    4.056
    4.463    4.463    5.130    5.130    5.387    5.387    5.558    5.558    6.525    6.525
    6.540    6.540   12.570   12.570   13.008   13.008   14.419   14.419   14.644   14.644
   14.947   14.947   15.709   15.709   16.616   16.616   16.861   16.862   17.730   17.731
   18.353   18.353   18.735   18.735   18.780   18.780   18.978   18.978   19.068   19.068
   20.107   20.107   21.470   21.470
            0.500000  0.288675  0.093712
   -7.407   -7.407   -6.281   -6.281   -5.671   -5.671   -5.422   -5.422    1.875    1.875
    2.312    2.312    2.680    2.680    3.519    3.519    3.624    3.624    4.020    4.020
    4.439    4.439    5.109    5.109    5.395    5.395    5.604    5.604    6.519    6.519
    6.529    6.529   12.598   12.598   12.988   12.988   14.412   14.412   14.618   14.618
   14.980   14.980   15.670   15.670   16.608   16.608   16.864   16.864   17.786   17.786
   18.295   18.295   18.661   18.661   18.793   18.793   19.026   19.026   19.103   19.103
   20.117   20.117   21.461   21.461
            0.500000  0.288675  0.124949
   -7.392   -7.392   -6.272   -6.272   -5.696   -5.696   -5.431   -5.431    1.899    1.899
    2.310    2.310    2.592    2.592    3.548    3.548    3.749    3.749    3.975    3.975
    4.407    4.407    5.080    5.080    5.405    5.405    5.663    5.663    6.511    6.511
    6.514    6.514   12.637   12.637   12.965   12.965   14.403   14.403   14.581   14.581
   15.022   15.022   15.626   15.626   16.596   16.596   16.868   16.868   17.855   17.855
   18.231   18.231   18.580   18.580   18.810   18.811   19.077   19.077   19.131   19.132
   20.130   20.130   21.440   21.440
            0.500000  0.288675  0.156187
   -7.373   -7.373   -6.260   -6.260   -5.728   -5.728   -5.442   -5.442    1.929    1.929
    2.306    2.306    2.504    2.504    3.582    3.582    3.882    3.882    3.926    3.926
    4.369    4.369    5.045    5.045    5.419    5.419    5.730    5.730    6.496    6.496
    6.498    6.498   12.684   12.684   12.938   12.938   14.390   14.390   14.531   14.531
   15.072   15.072   15.583   15.583   16.580   16.580   16.871   16.871   17.933   17.933
   18.167   18.167   18.498   18.498   18.833   18.833   19.126   19.126   19.154   19.154
   20.143   20.143   21.417   21.417
            0.500000  0.288675  0.187424
   -7.349   -7.349   -6.245   -6.245   -5.766   -5.766   -5.456   -5.456    1.966    1.966
    2.301    2.301    2.421    2.421    3.620    3.620    3.875    3.875    4.020    4.020
    4.330    4.330    5.005    5.005    5.435    5.435    5.801    5.801    6.473    6.473
    6.479    6.479   12.740   12.740   12.912   12.913   14.373   14.373   14.467   14.467
   15.129   15.129   15.546   15.546   16.558   16.558   16.872   16.872   18.015   18.015
   18.109   18.109   18.420   18.420   18.861   18.861   19.167   19.167   19.171   19.171
   20.155   20.155   21.397   21.397
            0.500000  0.288675  0.218661
   -7.322   -7.322   -6.228   -6.228   -5.810   -5.810   -5.472   -5.472    2.008    2.008
    2.293    2.293    2.342    2.342    3.656    3.656    3.827    3.827    4.158    4.158
    4.294    4.294    4.963    4.963    5.455    5.455    5.874    5.874    6.447    6.447
    6.454    6.454   12.801   12.801   12.889   12.889   14.348   14.348   14.391   14.391
   15.191   15.191   15.518   15.518   16.529   16.529   16.871   16.871   18.059   18.059
   18.096   18.096   18.348   18.348   18.893   18.893   19.184   19.184   19.198   19.198
   20.165   20.165   21.382   21.382
            0.500000  0.288675  0.249899
   -7.290   -7.290   -6.209   -6.209   -5.859   -5.859   -5.491   -5.491    2.055    2.055
    2.270    2.270    2.283    2.283    3.684    3.684    3.784    3.784    4.269    4.269
    4.290    4.290    4.923    4.923    5.477    5.477    5.946    5.946    6.417    6.417
    6.421    6.421   12.867   12.867   12.871   12.871   14.306   14.306   14.316   14.316
   15.258   15.258   15.501   15.501   16.494   16.494   16.866   16.866   18.020   18.020
   18.173   18.173   18.286   18.286   18.929   18.929   19.195   19.195   19.216   19.216
   20.169   20.169   21.376   21.377
            0.500000  0.288675  0.281136
   -7.255   -7.255   -6.187   -6.187   -5.913   -5.913   -5.511   -5.511    2.107    2.107
    2.206    2.206    2.269    2.269    3.695    3.695    3.748    3.748    4.265    4.265
    4.406    4.406    4.897    4.897    5.501    5.501    6.013    6.013    6.379    6.379
    6.385    6.385   12.859   12.859   12.935   12.935   14.214   14.214   14.275   14.275
   15.330   15.331   15.495   15.495   16.453   16.453   16.857   16.857   17.993   17.993
   18.235   18.235   18.242   18.242   18.970   18.970   19.207   19.207   19.218   19.218
   20.165   20.165   21.386   21.386
            0.500000  0.288675  0.312374
   -7.216   -7.216   -6.163   -6.163   -5.971   -5.971   -5.534   -5.534    2.148    2.148
    2.164    2.164    2.251    2.251    3.681    3.681    3.720    3.720    4.289    4.289
    4.484    4.484    4.904    4.904    5.529    5.529    6.074    6.074    6.328    6.328
    6.349    6.349   12.856   12.856   13.004   13.004   14.120   14.120   14.223   14.223
   15.408   15.408   15.498   15.498   16.404   16.404   16.842   16.842   17.979   17.979
   18.197   18.197   18.303   18.303   19.015   19.015   19.204   19.204   19.221   19.221
   20.154   20.154   21.413   21.413
            0.500000  0.288675  0.343611
   -7.173   -7.173   -6.137   -6.137   -6.032   -6.032   -5.559   -5.559    2.098    2.098
    2.224    2.224    2.229    2.229    3.643    3.643    3.703    3.703    4.341    4.341
    4.504    4.504    4.966    4.966    5.559    5.559    6.126    6.126    6.267    6.267
    6.312    6.312   12.862   12.862   13.071   13.071   14.026   14.026   14.162   14.162
   15.490   15.490   15.510   15.510   16.350   16.350   16.822   16.822   17.977   17.977
   18.172   18.172   18.354   18.354   19.064   19.064   19.171   19.171   19.240   19.240
   20.133   20.133   21.461   21.461
            0.500000  0.288675  0.374848
   -7.126   -7.126   -6.110   -6.110   -6.096   -6.096   -5.586   -5.586    2.056    2.056
    2.204    2.204    2.289    2.289    3.586    3.586    3.695    3.695    4.416    4.416
    4.477    4.477    5.071    5.071    5.591    5.591    6.167    6.167    6.197    6.197
    6.272    6.272   12.878   12.878   13.135   13.135   13.936   13.936   14.090   14.090
   15.528   15.528   15.577   15.577   16.292   16.292   16.795   16.795   17.987   17.987
   18.161   18.161   18.394   18.394   19.117   19.117   19.122   19.122   19.266   19.266
   20.103   20.103   21.407   21.407
            0.500000  0.288675  0.406086
   -7.077   -7.077   -6.163   -6.163   -6.080   -6.080   -5.614   -5.614    2.022    2.022
    2.176    2.176    2.358    2.358    3.516    3.516    3.699    3.699    4.425    4.425
    4.509    4.509    5.195    5.195    5.625    5.625    6.117    6.117    6.196    6.196
    6.230    6.230   12.904   12.904   13.195   13.195   13.851   13.851   14.011   14.011
   15.552   15.552   15.668   15.668   16.231   16.231   16.761   16.761   18.009   18.009
   18.162   18.162   18.423   18.423   19.058   19.058   19.173   19.173   19.302   19.302
   20.064   20.064   21.217   21.217
            0.500000  0.288675  0.437323
   -7.024   -7.024   -6.231   -6.231   -6.050   -6.050   -5.644   -5.644    1.996    1.996
    2.146    2.146    2.430    2.430    3.438    3.438    3.712    3.712    4.363    4.363
    4.613    4.613    5.325    5.325    5.662    5.662    6.028    6.028    6.187    6.187
    6.212    6.212   12.941   12.941   13.249   13.249   13.773   13.773   13.924   13.924
   15.581   15.581   15.761   15.762   16.169   16.169   16.720   16.720   18.042   18.042
   18.173   18.173   18.440   18.440   18.982   18.982   19.232   19.232   19.349   19.349
   20.016   20.016   21.024   21.024
            0.500000  0.288675  0.468560
   -6.968   -6.968   -6.301   -6.301   -6.017   -6.017   -5.676   -5.676    1.977    1.977
    2.115    2.115    2.505    2.505    3.355    3.355    3.735    3.735    4.296    4.296
    4.727    4.727    5.454    5.454    5.700    5.700    5.930    5.930    6.143    6.143
    6.213    6.213   12.989   12.989   13.297   13.297   13.704   13.704   13.832   13.832
   15.615   15.615   15.857   15.857   16.107   16.107   16.672   16.672   18.085   18.085
   18.194   18.194   18.447   18.447   18.896   18.896   19.295   19.295   19.410   19.410
   19.963   19.963   20.830   20.830
            0.500000  0.288675  0.499798
   -6.909   -6.909   -6.371   -6.371   -5.984   -5.984   -5.708   -5.708    1.966    1.966
    2.085    2.085    2.582    2.582    3.269    3.269    3.766    3.766    4.227    4.227
    4.846    4.846    5.579    5.579    5.740    5.740    5.825    5.825    6.097    6.097
    6.199    6.199   13.046   13.046   13.339   13.339   13.644   13.644   13.736   13.737
   15.651   15.651   15.954   15.954   16.046   16.046   16.616   16.616   18.138   18.138
   18.221   18.221   18.444   18.444   18.805   18.805   19.359   19.359   19.485   19.485
   19.903   19.903   20.639   20.639
            0.500000  0.288675  0.531035
   -6.847   -6.847   -6.442   -6.442   -5.950   -5.950   -5.742   -5.742    1.961    1.961
    2.056    2.056    2.663    2.663    3.181    3.181    3.806    3.806    4.158    4.158
    4.970    4.970    5.697    5.697    5.713    5.713    5.782    5.782    6.052    6.052
    6.170    6.170   13.112   13.112   13.376   13.376   13.591   13.591   13.639   13.639
   15.691   15.691   15.988   15.988   16.050   16.050   16.554   16.554   18.199   18.199
   18.253   18.253   18.432   18.432   18.710   18.710   19.426   19.426   19.577   19.577
   19.839   19.839   20.452   20.452
            0.500000  0.288675  0.562272
   -6.784   -6.784   -6.512   -6.512   -5.916   -5.916   -5.776   -5.776    1.964    1.964
    2.029    2.029    2.745    2.746    3.093    3.093    3.852    3.852    4.090    4.090
    5.096    5.096    5.596    5.596    5.807    5.807    5.825    5.825    6.006    6.006
    6.126    6.126   13.186   13.186   13.410   13.410   13.542   13.542   13.547   13.547
   15.734   15.734   15.932   15.932   16.145   16.145   16.484   16.484   18.270   18.270
   18.288   18.288   18.413   18.413   18.615   18.615   19.495   19.495   19.685   19.685
   19.773   19.773   20.274   20.274
            0.500000  0.288675  0.593510
   -6.718   -6.718   -6.582   -6.582   -5.881   -5.881   -5.811   -5.811    1.972    1.972
    2.006    2.006    2.830    2.830    3.004    3.004    3.905    3.905    4.024    4.024
    5.223    5.223    5.474    5.474    5.869    5.869    5.906    5.906    5.960    5.960
    6.066    6.066   13.268   13.268   13.442   13.442   13.447   13.447   13.508   13.508
   15.780   15.780   15.878   15.878   16.237   16.237   16.407   16.407   18.323   18.323
   18.347   18.347   18.387   18.387   18.521   18.521   19.564   19.564   19.704   19.704
   19.810   19.810   20.105   20.105
            0.500000  0.288675  0.624747
   -6.651   -6.651   -6.651   -6.651   -5.846   -5.846   -5.846   -5.846    1.986    1.986
    1.986    1.986    2.917    2.917    2.917    2.917    3.962    3.962    3.962    3.962
    5.350    5.350    5.350    5.350    5.914    5.914    5.914    5.914    5.993    5.993
    5.993    5.993   13.355   13.355   13.355   13.355   13.474   13.474   13.474   13.474
   15.828   15.828   15.828   15.828   16.324   16.324   16.324   16.324   18.356   18.356
   18.356   18.356   18.432   18.432   18.432   18.432   19.634   19.634   19.634   19.634
   19.950   19.950   19.950   19.950
