 &plot nbnd=  64, nks=   121 /
            0.000000  0.000000  0.000000
   -8.091   -6.219   -6.219   -6.131   -6.011   -5.554   -5.488   -5.487    1.017    1.310
    1.310    1.482    1.688    1.688    2.049    2.049    2.121    3.015    3.015    3.066
    3.732    3.732    3.862    4.816    4.894    4.894    5.364    5.364    5.365    6.133
    6.133    6.188    6.416    6.416    7.085    7.243    7.243   10.873   12.642   12.674
   12.674   12.993   12.993   13.097   13.635   14.401   15.141   15.141   16.934   16.934
   17.110   17.452   17.681   18.092   18.092   18.204   18.204   18.583   18.991   18.991
   19.568   19.568   19.747   20.199
            0.000000  0.000000  0.031286
   -8.089   -6.218   -6.218   -6.130   -6.015   -5.554   -5.488   -5.488    1.023    1.306
    1.306    1.483    1.688    1.688    2.048    2.048    2.115    3.009    3.009    3.054
    3.740    3.740    3.874    4.818    4.896    4.896    5.371    5.371    5.378    6.133
    6.133    6.185    6.415    6.415    7.070    7.242    7.242   10.886   12.637   12.670
   12.670   12.984   12.984   13.087   13.630   14.428   15.162   15.162   16.925   16.925
   17.099   17.444   17.688   18.097   18.097   18.204   18.204   18.588   18.991   18.991
   19.553   19.553   19.721   20.191
            0.000000  0.000000  0.062571
   -8.081   -6.214   -6.214   -6.130   -6.027   -5.556   -5.491   -5.491    1.040    1.295
    1.295    1.484    1.686    1.686    2.046    2.046    2.098    2.990    2.990    3.021
    3.764    3.764    3.910    4.823    4.903    4.903    5.393    5.393    5.413    6.134
    6.134    6.177    6.410    6.410    7.028    7.238    7.238   10.923   12.620   12.654
   12.654   12.961   12.961   13.061   13.617   14.505   15.221   15.221   16.896   16.896
   17.067   17.422   17.709   18.109   18.109   18.202   18.202   18.603   18.991   18.991
   19.510   19.510   19.648   20.168
            0.000000  0.000000  0.093857
   -8.070   -6.208   -6.208   -6.130   -6.044   -5.558   -5.496   -5.496    1.068    1.278
    1.278    1.485    1.682    1.682    2.043    2.043    2.073    2.960    2.960    2.969
    3.803    3.803    3.967    4.831    4.914    4.914    5.428    5.428    5.469    6.134
    6.134    6.164    6.403    6.403    6.960    7.232    7.232   10.983   12.589   12.623
   12.623   12.932   12.932   13.027   13.606   14.616   15.313   15.313   16.851   16.851
   17.014   17.389   17.744   18.124   18.124   18.205   18.205   18.622   18.988   18.988
   19.442   19.442   19.537   20.131
            0.000000  0.000000  0.125143
   -8.053   -6.200   -6.200   -6.137   -6.062   -5.561   -5.503   -5.503    1.105    1.255
    1.255    1.487    1.677    1.677    2.038    2.038    2.045    2.902    2.920    2.920
    3.858    3.858    4.043    4.843    4.930    4.930    5.474    5.474    5.541    6.135
    6.135    6.146    6.393    6.393    6.871    7.224    7.224   11.062   12.539   12.573
   12.573   12.908   12.908   12.997   13.601   14.747   15.432   15.432   16.789   16.789
   16.943   17.350   17.792   18.134   18.134   18.223   18.223   18.642   18.977   18.977
   19.357   19.357   19.400   20.081
            0.000000  0.000000  0.156428
   -8.033   -6.189   -6.189   -6.158   -6.071   -5.565   -5.511   -5.511    1.148    1.229
    1.229    1.488    1.671    1.671    2.018    2.031    2.031    2.823    2.873    2.873
    3.926    3.926    4.134    4.859    4.949    4.949    5.527    5.527    5.622    6.123
    6.134    6.134    6.381    6.381    6.763    7.214    7.214   11.158   12.471   12.505
   12.506   12.894   12.894   12.978   13.602   14.888   15.569   15.569   16.716   16.716
   16.860   17.307   17.854   18.133   18.133   18.262   18.262   18.658   18.949   18.949
   19.244   19.268   19.268   20.021
            0.000000  0.000000  0.187714
   -8.007   -6.196   -6.177   -6.177   -6.070   -5.571   -5.522   -5.522    1.194    1.200
    1.200    1.489    1.663    1.663    1.999    2.022    2.022    2.737    2.822    2.822
    4.006    4.006    4.238    4.877    4.971    4.971    5.586    5.586    5.704    6.096
    6.131    6.131    6.369    6.369    6.645    7.203    7.203   11.267   12.391   12.426
   12.426   12.888   12.888   12.971   13.607   15.029   15.715   15.715   16.635   16.635
   16.772   17.262   17.929   18.125   18.125   18.317   18.317   18.664   18.892   18.892
   19.078   19.192   19.192   19.955
            0.000000  0.000000  0.218999
   -7.977   -6.246   -6.162   -6.162   -6.062   -5.577   -5.534   -5.534    1.170    1.170
    1.238    1.487    1.652    1.652    1.995    2.011    2.011    2.647    2.769    2.769
    4.097    4.097    4.349    4.899    4.997    4.997    5.645    5.645    5.777    6.064
    6.124    6.124    6.358    6.359    6.525    7.190    7.190   11.385   12.308   12.343
   12.343   12.887   12.887   12.972   13.616   15.164   15.863   15.863   16.555   16.555
   16.687   17.215   18.016   18.116   18.116   18.382   18.382   18.653   18.799   18.799
   18.910   19.139   19.139   19.884
            0.000000  0.000000  0.250285
   -7.943   -6.303   -6.145   -6.145   -6.051   -5.584   -5.548   -5.548    1.140    1.140
    1.276    1.481    1.640    1.640    1.998    1.998    2.012    2.557    2.716    2.716
    4.197    4.197    4.468    4.924    5.027    5.027    5.704    5.704    5.821    6.028
    6.112    6.112    6.350    6.350    6.423    7.177    7.177   11.506   12.230   12.263
   12.263   12.888   12.888   12.978   13.625   15.282   15.995   15.995   16.488   16.488
   16.616   17.169   18.106   18.106   18.114   18.447   18.447   18.608   18.691   18.691
   18.757   19.103   19.103   19.812
            0.000000  0.000000  0.281571
   -7.904   -6.367   -6.126   -6.126   -6.037   -5.592   -5.564   -5.564    1.112    1.112
    1.304    1.472    1.624    1.624    1.984    1.984    2.050    2.473    2.666    2.666
    4.305    4.305    4.590    4.952    5.059    5.059    5.758    5.758    5.807    5.989
    6.094    6.094    6.343    6.343    6.368    7.163    7.163   11.626   12.165   12.189
   12.189   12.886   12.886   12.984   13.633   15.375   16.080   16.080   16.466   16.466
   16.569   17.124   18.095   18.095   18.224   18.462   18.462   18.491   18.632   18.632
   18.653   19.076   19.076   19.724
            0.000000  0.000000  0.312856
   -7.861   -6.435   -6.105   -6.105   -6.022   -5.601   -5.581   -5.581    1.086    1.086
    1.320    1.462    1.605    1.605    1.968    1.968    2.100    2.408    2.620    2.620
    4.418    4.418    4.712    4.983    5.094    5.094    5.720    5.805    5.805    5.946
    6.070    6.070    6.340    6.340    6.372    7.149    7.149   11.734   12.126   12.126
   12.126   12.880   12.880   12.989   13.639   15.438   16.088   16.088   16.516   16.516
   16.552   17.082   18.077   18.077   18.331   18.344   18.385   18.385   18.572   18.676
   18.676   19.056   19.056   19.583
            0.000000  0.000000  0.344142
   -7.814   -6.508   -6.083   -6.083   -6.005   -5.610   -5.601   -5.601    1.062    1.062
    1.323    1.455    1.583    1.584    1.952    1.952    2.125    2.394    2.578    2.578
    4.536    4.536    4.833    5.017    5.132    5.132    5.584    5.843    5.843    5.901
    6.040    6.040    6.338    6.338    6.413    7.136    7.136   11.808   12.076   12.076
   12.133   12.867   12.867   12.989   13.639   15.472   16.048   16.048   16.566   16.606
   16.606   17.044   18.045   18.045   18.166   18.308   18.308   18.474   18.479   18.736
   18.736   19.052   19.052   19.465
            0.000000  0.000000  0.375428
   -7.763   -6.583   -6.060   -6.060   -5.988   -5.621   -5.621   -5.621    1.043    1.043
    1.314    1.453    1.559    1.559    1.936    1.936    2.095    2.460    2.542    2.542
    4.656    4.656    4.944    5.054    5.173    5.173    5.427    5.853    5.870    5.870
    6.006    6.006    6.337    6.337    6.467    7.123    7.123   11.838   12.041   12.041
   12.198   12.846   12.846   12.982   13.632   15.485   15.997   15.997   16.600   16.690
   16.690   17.011   17.996   17.996   18.006   18.272   18.272   18.372   18.613   18.764
   18.764   19.084   19.084   19.369
            0.000000  0.000000  0.406713
   -7.709   -6.661   -6.035   -6.035   -5.971   -5.644   -5.644   -5.633    1.026    1.026
    1.300    1.456    1.531    1.531    1.922    1.922    2.037    2.512    2.512    2.577
    4.778    4.778    5.020    5.093    5.216    5.216    5.287    5.803    5.882    5.882
    5.971    5.971    6.337    6.337    6.519    7.112    7.112   11.846   12.022   12.022
   12.296   12.814   12.814   12.967   13.617   15.490   15.953   15.953   16.639   16.742
   16.742   16.985   17.858   17.950   17.950   18.262   18.271   18.271   18.751   18.751
   18.759   19.151   19.151   19.292
            0.000000  0.000000  0.437999
   -7.650   -6.741   -6.009   -6.009   -5.953   -5.667   -5.667   -5.644    1.014    1.014
    1.282    1.462    1.503    1.503    1.909    1.909    1.972    2.487    2.487    2.718
    4.899    4.899    4.960    5.135    5.261    5.261    5.268    5.752    5.875    5.875
    5.938    5.938    6.337    6.337    6.564    7.102    7.102   11.854   12.020   12.020
   12.402   12.771   12.771   12.947   13.593   15.498   15.924   15.924   16.668   16.751
   16.751   16.962   17.723   17.929   17.929   18.162   18.293   18.293   18.715   18.715
   18.912   19.215   19.215   19.229
            0.000000  0.000000  0.469284
   -7.589   -6.821   -5.982   -5.982   -5.935   -5.692   -5.692   -5.656    1.005    1.005
    1.266    1.469    1.474    1.474    1.899    1.899    1.911    2.467    2.467    2.875
    4.794    5.018    5.018    5.178    5.308    5.308    5.342    5.700    5.848    5.848
    5.908    5.908    6.337    6.337    6.600    7.093    7.093   11.871   12.035   12.035
   12.496   12.717   12.717   12.928   13.559   15.516   15.913   15.913   16.678   16.717
   16.717   16.945   17.600   17.937   17.937   18.085   18.327   18.327   18.674   18.674
   19.070   19.175   19.236   19.236
            0.000000  0.000000  0.500570
   -7.525   -6.901   -5.954   -5.954   -5.919   -5.718   -5.718   -5.668    0.999    0.999
    1.252    1.447    1.447    1.478    1.856    1.890    1.890    2.451    2.451    3.042
    4.605    5.133    5.133    5.224    5.356    5.356    5.425    5.647    5.809    5.809
    5.873    5.873    6.337    6.337    6.625    7.086    7.086   11.899   12.065   12.065
   12.561   12.654   12.654   12.927   13.516   15.545   15.919   15.920   16.651   16.651
   16.661   16.937   17.487   17.966   17.966   18.041   18.361   18.361   18.642   18.642
   19.129   19.214   19.214   19.234
            0.000000  0.000000  0.531856
   -7.458   -6.981   -5.927   -5.927   -5.905   -5.744   -5.744   -5.679    0.995    0.995
    1.240    1.424    1.424    1.486    1.809    1.884    1.884    2.439    2.439    3.217
    4.411    5.238    5.238    5.271    5.408    5.408    5.497    5.594    5.767    5.767
    5.829    5.829    6.338    6.339    6.642    7.080    7.080   11.935   12.108   12.108
   12.579   12.584   12.584   12.960   13.465   15.582   15.942   15.942   16.570   16.570
   16.618   16.948   17.381   18.006   18.006   18.026   18.379   18.379   18.634   18.634
   19.089   19.173   19.173   19.400
            0.000000  0.000000  0.563141
   -7.391   -7.057   -5.900   -5.900   -5.893   -5.770   -5.770   -5.688    0.994    0.994
    1.232    1.405    1.405    1.494    1.774    1.879    1.879    2.431    2.431    3.394
    4.219    5.319    5.327    5.327    5.464    5.464    5.542    5.553    5.726    5.726
    5.775    5.775    6.340    6.340    6.651    7.076    7.076   11.973   12.161   12.161
   12.511   12.511   12.560   13.020   13.410   15.621   15.975   15.975   16.488   16.488
   16.564   16.978   17.281   18.029   18.046   18.046   18.373   18.373   18.655   18.655
   19.058   19.126   19.126   19.567
            0.000000  0.000000  0.594427
   -7.327   -7.127   -5.886   -5.875   -5.875   -5.793   -5.793   -5.694    0.993    0.993
    1.227    1.394    1.394    1.499    1.751    1.877    1.877    2.426    2.426    3.565
    4.040    5.365    5.387    5.387    5.493    5.529    5.529    5.589    5.682    5.682
    5.723    5.723    6.341    6.341    6.655    7.073    7.074   12.005   12.215   12.215
   12.444   12.444   12.534   13.082   13.359   15.651   16.009   16.009   16.424   16.424
   16.521   17.023   17.194   18.037   18.077   18.077   18.355   18.355   18.686   18.686
   19.039   19.088   19.088   19.731
            0.000000  0.000000  0.625713
   -7.292   -7.164   -5.883   -5.863   -5.863   -5.805   -5.805   -5.696    0.993    0.993
    1.225    1.390    1.390    1.502    1.743    1.876    1.876    2.424    2.424    3.667
    3.935    5.392    5.408    5.408    5.466    5.578    5.578    5.601    5.642    5.642
    5.704    5.704    6.341    6.341    6.656    7.073    7.073   12.017   12.244   12.244
   12.411   12.411   12.522   13.111   13.334   15.663   16.024   16.024   16.398   16.398
   16.504   17.059   17.145   18.041   18.089   18.089   18.347   18.347   18.701   18.701
   19.032   19.072   19.072   19.845
            0.033333 -0.000000  0.625713
   -7.289   -7.162   -5.885   -5.866   -5.863   -5.808   -5.805   -5.696    0.996    0.997
    1.229    1.390    1.391    1.502    1.743    1.878    1.887    2.425    2.425    3.667
    3.934    5.364    5.388    5.407    5.456    5.562    5.580    5.597    5.654    5.661
    5.706    5.714    6.333    6.339    6.652    7.070    7.071   12.025   12.251   12.254
   12.416   12.419   12.530   13.119   13.342   15.668   16.027   16.028   16.393   16.400
   16.515   17.046   17.125   18.015   18.092   18.112   18.340   18.347   18.688   18.696
   19.011   19.068   19.083   19.855
            0.066667 -0.000000  0.625713
   -7.283   -7.155   -5.893   -5.873   -5.864   -5.816   -5.805   -5.696    1.004    1.010
    1.241    1.391    1.394    1.504    1.744    1.886    1.919    2.427    2.429    3.666
    3.931    5.298    5.340    5.383    5.437    5.534    5.575    5.594    5.678    5.696
    5.717    5.739    6.309    6.333    6.638    7.062    7.064   12.048   12.269   12.281
   12.432   12.444   12.551   13.143   13.365   15.683   16.038   16.042   16.381   16.405
   16.543   17.008   17.071   17.968   18.098   18.145   18.322   18.345   18.651   18.682
   18.973   19.058   19.098   19.884
            0.100000 -0.000000  0.625713
   -7.271   -7.145   -5.906   -5.886   -5.867   -5.828   -5.805   -5.696    1.018    1.030
    1.260    1.392    1.400    1.509    1.749    1.900    1.966    2.432    2.434    3.665
    3.925    5.206    5.277    5.346    5.405    5.500    5.561    5.603    5.703    5.717
    5.743    5.775    6.271    6.323    6.612    7.051    7.055   12.086   12.299   12.326
   12.460   12.484   12.587   13.182   13.402   15.707   16.055   16.063   16.370   16.413
   16.579   16.943   16.996   17.911   18.103   18.170   18.294   18.340   18.598   18.663
   18.930   19.052   19.110   19.922
            0.133333 -0.000000  0.625713
   -7.256   -7.130   -5.925   -5.903   -5.877   -5.838   -5.803   -5.696    1.036    1.058
    1.283    1.395    1.409    1.517    1.759    1.921    2.026    2.438    2.443    3.663
    3.917    5.096    5.199    5.305    5.364    5.461    5.542    5.615    5.725    5.732
    5.767    5.816    6.221    6.308    6.574    7.035    7.046   12.136   12.341   12.389
   12.497   12.534   12.639   13.233   13.453   15.740   16.078   16.090   16.359   16.420
   16.613   16.857   16.917   17.845   18.094   18.183   18.260   18.330   18.546   18.641
   18.889   19.055   19.122   19.961
            0.166667 -0.000000  0.625713
   -7.235   -7.110   -5.950   -5.925   -5.896   -5.845   -5.800   -5.697    1.060    1.092
    1.307    1.401    1.419    1.532    1.773    1.951    2.096    2.446    2.454    3.659
    3.906    4.974    5.106    5.262    5.318    5.420    5.519    5.628    5.744    5.748
    5.788    5.854    6.161    6.290    6.522    7.014    7.039   12.198   12.394   12.467
   12.546   12.594   12.705   13.294   13.515   15.780   16.105   16.119   16.346   16.423
   16.616   16.787   16.835   17.772   18.056   18.185   18.221   18.318   18.515   18.618
   18.854   19.067   19.136   19.992
            0.200000 -0.000000  0.625713
   -7.211   -7.087   -5.980   -5.951   -5.922   -5.852   -5.793   -5.696    1.087    1.130
    1.326    1.409    1.434    1.557    1.790    1.990    2.174    2.458    2.468    3.652
    3.890    4.844    5.000    5.220    5.271    5.377    5.495    5.639    5.756    5.763
    5.803    5.888    6.095    6.267    6.457    6.988    7.036   12.270   12.458   12.560
   12.604   12.659   12.786   13.362   13.585   15.824   16.134   16.146   16.324   16.418
   16.552   16.748   16.791   17.696   17.994   18.176   18.182   18.301   18.516   18.592
   18.826   19.084   19.158   20.011
            0.233333 -0.000000  0.625713
   -7.183   -7.060   -6.014   -5.980   -5.952   -5.861   -5.785   -5.693    1.118    1.172
    1.339    1.417    1.453    1.595    1.809    2.038    2.259    2.473    2.486    3.642
    3.870    4.707    4.884    5.179    5.224    5.335    5.472    5.646    5.763    5.776
    5.813    5.917    6.030    6.240    6.382    6.956    7.035   12.352   12.532   12.658
   12.680   12.731   12.879   13.434   13.661   15.869   16.161   16.164   16.280   16.399
   16.470   16.675   16.821   17.625   17.926   18.151   18.157   18.275   18.543   18.564
   18.808   19.098   19.196   20.018
            0.266667 -0.000000  0.625713
   -7.150   -7.029   -6.051   -6.014   -5.986   -5.875   -5.774   -5.689    1.152    1.215
    1.346    1.423    1.475    1.645    1.832    2.094    2.348    2.493    2.508    3.627
    3.843    4.567    4.761    5.140    5.178    5.296    5.449    5.650    5.760    5.785
    5.817    5.939    5.976    6.210    6.301    6.919    7.036   12.440   12.615   12.738
   12.789   12.809   12.980   13.506   13.739   15.912   16.158   16.176   16.215   16.352
   16.420   16.616   16.855   17.564   17.874   18.126   18.137   18.242   18.521   18.592
   18.807   19.105   19.249   20.016
            0.300000 -0.000000  0.625713
   -7.113   -6.995   -6.091   -6.050   -6.022   -5.894   -5.761   -5.682    1.189    1.258
    1.352    1.427    1.498    1.704    1.859    2.156    2.436    2.523    2.536    3.606
    3.809    4.425    4.635    5.104    5.134    5.259    5.429    5.651    5.733    5.787
    5.820    5.929    5.968    6.176    6.219    6.877    7.039   12.536   12.705   12.819
   12.888   12.917   13.086   13.575   13.816   15.941   16.105   16.125   16.195   16.301
   16.392   16.581   16.881   17.516   17.853   18.091   18.133   18.213   18.484   18.622
   18.836   19.107   19.313   20.006
            0.333333 -0.000000  0.625713
   -7.073   -6.957   -6.133   -6.088   -6.061   -5.915   -5.747   -5.674    1.227    1.297
    1.357    1.431    1.519    1.770    1.891    2.223    2.506    2.567    2.580    3.576
    3.767    4.284    4.510    5.071    5.094    5.226    5.410    5.648    5.683    5.787
    5.823    5.912    5.976    6.141    6.143    6.831    7.042   12.636   12.801   12.903
   12.975   13.048   13.195   13.640   13.888   15.940   16.008   16.063   16.160   16.286
   16.363   16.569   16.897   17.481   17.866   18.054   18.129   18.205   18.448   18.625
   18.901   19.103   19.385   19.988
            0.366667 -0.000000  0.625713
   -7.029   -6.916   -6.176   -6.128   -6.101   -5.940   -5.732   -5.664    1.267    1.329
    1.365    1.436    1.539    1.839    1.926    2.292    2.552    2.607    2.664    3.537
    3.714    4.148    4.387    5.043    5.059    5.198    5.394    5.620    5.643    5.786
    5.824    5.903    5.967    6.080    6.111    6.779    7.047   12.738   12.901   12.989
   13.065   13.185   13.304   13.696   13.953   15.886   15.908   15.979   16.136   16.288
   16.333   16.574   16.902   17.461   17.908   18.019   18.107   18.231   18.419   18.611
   18.991   19.097   19.458   19.961
            0.400000 -0.000000  0.625713
   -6.982   -6.872   -6.220   -6.169   -6.142   -5.967   -5.716   -5.654    1.306    1.346
    1.382    1.442    1.557    1.910    1.965    2.362    2.594    2.653    2.756    3.487
    3.652    4.018    4.272    5.020    5.031    5.176    5.379    5.562    5.633    5.783
    5.818    5.893    5.939    6.032    6.096    6.724    7.051   12.840   13.003   13.077
   13.158   13.323   13.409   13.745   14.007   15.760   15.821   15.902   16.128   16.284
   16.311   16.589   16.892   17.456   17.959   17.994   18.082   18.269   18.405   18.594
   19.080   19.101   19.531   19.929
            0.433333 -0.000000  0.625713
   -6.932   -6.826   -6.263   -6.211   -6.183   -5.995   -5.701   -5.643    1.343    1.353
    1.400    1.452    1.573    1.980    2.004    2.430    2.638    2.707    2.844    3.426
    3.580    3.898    4.165    5.002    5.011    5.161    5.363    5.512    5.619    5.780
    5.798    5.881    5.910    5.990    6.095    6.666    7.055   12.938   13.103   13.166
   13.252   13.460   13.509   13.783   14.055   15.615   15.698   15.866   16.116   16.275
   16.299   16.606   16.867   17.464   17.950   18.031   18.063   18.285   18.422   18.587
   19.076   19.202   19.598   19.891
            0.466667 -0.000000  0.625713
   -6.879   -6.778   -6.307   -6.253   -6.224   -6.023   -5.685   -5.632    1.357    1.377
    1.412    1.469    1.587    2.043    2.048    2.494    2.684    2.768    2.925    3.356
    3.502    3.789    4.069    4.988    5.002    5.152    5.344    5.476    5.603    5.765
    5.778    5.866    5.888    5.956    6.098    6.606    7.059   13.029   13.201   13.255
   13.345   13.573   13.612   13.815   14.101   15.461   15.558   15.858   16.100   16.268
   16.285   16.621   16.831   17.482   17.929   18.036   18.084   18.274   18.462   18.609
   19.065   19.308   19.656   19.849
            0.500000 -0.000000  0.625713
   -6.825   -6.728   -6.349   -6.295   -6.265   -6.051   -5.671   -5.623    1.359    1.404
    1.419    1.492    1.598    2.079    2.114    2.554    2.731    2.835    2.991    3.284
    3.422    3.689    3.984    4.982    5.002    5.150    5.319    5.456    5.584    5.731
    5.776    5.838    5.874    5.935    6.102    6.546    7.063   13.107   13.293   13.342
   13.435   13.641   13.717   13.856   14.155   15.305   15.411   15.872   16.082   16.255
   16.277   16.629   16.790   17.505   17.912   18.025   18.100   18.248   18.506   18.660
   19.053   19.408   19.701   19.808
            0.533333 -0.000000  0.625713
   -6.769   -6.678   -6.389   -6.335   -6.305   -6.077   -5.658   -5.614    1.361    1.421
    1.425    1.518    1.605    2.109    2.176    2.607    2.776    2.904    3.029    3.226
    3.347    3.597    3.912    4.985    5.010    5.153    5.288    5.448    5.564    5.702
    5.770    5.805    5.868    5.923    6.102    6.490    7.067   13.170   13.377   13.423
   13.517   13.680   13.761   13.947   14.224   15.150   15.265   15.900   16.064   16.232
   16.279   16.617   16.757   17.529   17.902   18.018   18.096   18.210   18.556   18.721
   19.041   19.498   19.725   19.776
            0.566667 -0.000000  0.625713
   -6.714   -6.627   -6.426   -6.375   -6.343   -6.101   -5.647   -5.607    1.362    1.425
    1.437    1.544    1.609    2.133    2.231    2.653    2.813    2.970    3.025    3.203
    3.284    3.510    3.856    4.998    5.025    5.161    5.253    5.448    5.545    5.679
    5.746    5.796    5.863    5.917    6.098    6.442    7.070   13.218   13.452   13.495
   13.589   13.696   13.761   14.070   14.307   15.001   15.125   15.933   16.047   16.208
   16.291   16.581   16.744   17.549   17.897   18.017   18.082   18.166   18.604   18.778
   19.028   19.572   19.714   19.768
            0.600000 -0.000000  0.625713
   -6.662   -6.578   -6.457   -6.413   -6.380   -6.121   -5.638   -5.601    1.363    1.426
    1.445    1.567    1.610    2.149    2.277    2.691    2.833    2.981    3.048    3.191
    3.256    3.426    3.817    5.020    5.048    5.171    5.212    5.451    5.528    5.662
    5.718    5.800    5.860    5.912    6.089    6.404    7.072   13.250   13.513   13.552
   13.644   13.694   13.751   14.192   14.398   14.862   14.998   15.962   16.031   16.189
   16.314   16.531   16.744   17.562   17.897   18.019   18.067   18.121   18.642   18.822
   19.016   19.624   19.695   19.766
            0.633333 -0.000000  0.625713
   -6.623   -6.530   -6.478   -6.448   -6.412   -6.134   -5.632   -5.598    1.363    1.427
    1.449    1.586    1.606    2.158    2.308    2.720    2.828    2.967    3.104    3.165
    3.269    3.350    3.795    5.051    5.075    5.158    5.183    5.452    5.516    5.652
    5.701    5.806    5.858    5.910    6.080    6.380    7.073   13.268   13.555   13.591
   13.657   13.706   13.741   14.294   14.486   14.741   14.899   15.980   16.019   16.179
   16.343   16.483   16.747   17.570   17.900   18.024   18.057   18.082   18.666   18.848
   19.006   19.649   19.688   19.764
            0.666667 -0.000000  0.625713
   -6.608   -6.497   -6.482   -6.472   -6.432   -6.140   -5.630   -5.597    1.363    1.428
    1.450    1.595    1.601    2.160    2.320    2.732    2.818    2.966    3.138    3.147
    3.295    3.296    3.788    5.083    5.099    5.109    5.186    5.452    5.511    5.649
    5.696    5.808    5.857    5.909    6.076    6.372    7.074   13.274   13.571   13.602
   13.652   13.726   13.729   14.338   14.539   14.677   14.858   15.985   16.014   16.177
   16.360   16.459   16.749   17.572   17.902   18.029   18.054   18.064   18.673   18.857
   19.003   19.651   19.690   19.764
            0.666667 -0.000000  0.594427
   -6.632   -6.551   -6.447   -6.441   -6.427   -6.129   -5.630   -5.597    1.364    1.429
    1.451    1.596    1.601    2.164    2.322    2.732    2.804    2.952    3.151    3.162
    3.285    3.298    3.802    5.076    5.087    5.098    5.192    5.422    5.486    5.653
    5.729    5.798    5.840    5.957    6.074    6.373    7.072   13.269   13.560   13.578
   13.660   13.739   13.757   14.285   14.586   14.685   14.866   15.982   16.009   16.172
   16.353   16.456   16.742   17.578   17.891   18.034   18.063   18.088   18.673   18.856
   19.000   19.588   19.688   19.757
            0.666667 -0.000000  0.563141
   -6.680   -6.610   -6.467   -6.396   -6.365   -6.102   -5.631   -5.598    1.365    1.434
    1.454    1.597    1.601    2.175    2.328    2.732    2.768    2.921    3.174    3.198
    3.269    3.305    3.840    5.053    5.058    5.063    5.203    5.363    5.430    5.668
    5.717    5.798    5.910    6.011    6.067    6.377    7.066   13.257   13.533   13.534
   13.684   13.767   13.815   14.186   14.670   14.711   14.890   15.973   15.994   16.157
   16.332   16.447   16.724   17.596   17.872   18.051   18.089   18.144   18.675   18.853
   18.990   19.489   19.674   19.682
            0.666667 -0.000000  0.531856
   -6.733   -6.668   -6.503   -6.337   -6.302   -6.064   -5.632   -5.600    1.367    1.443
    1.459    1.600    1.600    2.194    2.337    2.722    2.732    2.884    3.158    3.244
    3.292    3.315    3.893    4.999    5.002    5.037    5.205    5.309    5.369    5.640
    5.695    5.874    5.993    6.047    6.052    6.386    7.056   13.241   13.487   13.503
   13.718   13.792   13.882   14.085   14.754   14.756   14.929   15.958   15.968   16.133
   16.300   16.432   16.694   17.627   17.856   18.077   18.129   18.216   18.679   18.847
   18.972   19.389   19.588   19.671
            0.666667 -0.000000  0.500570
   -6.786   -6.724   -6.543   -6.276   -6.239   -6.020   -5.634   -5.601    1.370    1.454
    1.465    1.599    1.603    2.220    2.350    2.671    2.731    2.847    3.107    3.294
    3.329    3.350    3.956    4.917    4.927    5.018    5.182    5.268    5.315    5.584
    5.729    5.937    6.034    6.062    6.077    6.404    7.046   13.224   13.444   13.470
   13.760   13.785   13.954   14.018   14.812   14.835   14.982   15.934   15.939   16.101
   16.261   16.415   16.656   17.668   17.847   18.109   18.177   18.294   18.688   18.840
   18.945   19.292   19.507   19.654
            0.666667 -0.000000  0.469284
   -6.839   -6.777   -6.584   -6.214   -6.176   -5.973   -5.636   -5.604    1.374    1.469
    1.473    1.598    1.608    2.253    2.365    2.620    2.732    2.812    3.046    3.344
    3.346    3.417    4.021    4.817    4.844    5.000    5.125    5.239    5.271    5.561
    5.767    5.943    6.053    6.054    6.157    6.431    7.034   13.210   13.408   13.434
   13.721   13.807   14.014   14.028   14.884   14.906   15.046   15.891   15.915   16.065
   16.217   16.397   16.612   17.718   17.844   18.145   18.229   18.369   18.706   18.829
   18.908   19.202   19.433   19.629
            0.666667 -0.000000  0.437999
   -6.890   -6.829   -6.626   -6.152   -6.115   -5.926   -5.638   -5.606    1.378    1.481
    1.488    1.597    1.615    2.293    2.381    2.570    2.732    2.783    2.982    3.365
    3.394    3.488    4.084    4.710    4.758    4.978    5.044    5.218    5.236    5.566
    5.809    5.894    6.024    6.108    6.231    6.463    7.023   13.199   13.378   13.385
   13.635   13.854   14.048   14.103   14.968   14.968   15.119   15.841   15.889   16.024
   16.174   16.378   16.564   17.775   17.844   18.180   18.279   18.431   18.741   18.814
   18.861   19.125   19.372   19.595
            0.666667 -0.000000  0.406713
   -6.938   -6.877   -6.667   -6.092   -6.055   -5.879   -5.641   -5.609    1.383    1.490
    1.509    1.595    1.624    2.338    2.395    2.523    2.735    2.761    2.918    3.385
    3.442    3.557    4.142    4.600    4.674    4.904    5.001    5.203    5.210    5.586
    5.826    5.852    5.974    6.163    6.297    6.499    7.011   13.194   13.308   13.356
   13.571   13.902   14.094   14.177   15.021   15.064   15.198   15.786   15.859   15.981
   16.137   16.359   16.515   17.835   17.843   18.212   18.322   18.473   18.790   18.797
   18.806   19.068   19.323   19.549
            0.666667 -0.000000  0.375428
   -6.984   -6.923   -6.707   -6.033   -5.997   -5.833   -5.644   -5.611    1.389    1.499
    1.534    1.594    1.634    2.388    2.405    2.479    2.739    2.751    2.854    3.406
    3.486    3.624    4.188    4.492    4.604    4.789    4.995    5.191    5.192    5.612
    5.748    5.895    5.909    6.214    6.355    6.535    6.997   13.193   13.203   13.342
   13.540   13.948   14.143   14.251   15.066   15.168   15.278   15.727   15.826   15.938
   16.112   16.341   16.466   17.839   17.897   18.237   18.353   18.495   18.745   18.758
   18.874   19.036   19.288   19.493
            0.666667 -0.000000  0.344142
   -7.026   -6.966   -6.744   -5.976   -5.941   -5.791   -5.646   -5.613    1.395    1.509
    1.562    1.592    1.646    2.407    2.439    2.440    2.747    2.755    2.792    3.426
    3.525    3.683    4.212    4.387    4.558    4.667    5.000    5.181    5.185    5.632
    5.664    5.838    5.938    6.259    6.403    6.568    6.981   13.084   13.198   13.334
   13.530   13.991   14.192   14.323   15.102   15.279   15.353   15.668   15.790   15.896
   16.104   16.323   16.420   17.830   17.956   18.254   18.370   18.504   18.686   18.722
   18.963   19.028   19.264   19.428
            0.666667 -0.000000  0.312856
   -7.066   -7.005   -6.780   -5.922   -5.888   -5.751   -5.649   -5.613    1.403    1.519
    1.591    1.592    1.658    2.399    2.401    2.491    2.733    2.761    2.774    3.446
    3.559    3.731    4.212    4.288    4.544    4.544    5.011    5.179    5.180    5.580
    5.619    5.789    5.979    6.297    6.442    6.598    6.960   12.960   13.207   13.334
   13.534   14.031   14.240   14.391   15.132   15.395   15.416   15.609   15.754   15.855
   16.118   16.305   16.377   17.816   18.008   18.259   18.372   18.504   18.632   18.690
   19.037   19.055   19.248   19.356
            0.666667 -0.000000  0.281571
   -7.102   -7.041   -6.812   -5.871   -5.839   -5.718   -5.651   -5.610    1.410    1.530
    1.590    1.626    1.670    2.368    2.383    2.536    2.677    2.785    2.806    3.464
    3.587    3.763    4.197    4.197    4.425    4.558    5.028    5.171    5.185    5.501
    5.548    5.787    6.018    6.329    6.472    6.625    6.935   12.839   13.221   13.340
   13.548   14.067   14.286   14.455   15.155   15.460   15.512   15.552   15.721   15.817
   16.156   16.287   16.338   17.796   18.050   18.253   18.359   18.501   18.587   18.670
   19.057   19.139   19.239   19.292
            0.666667 -0.000000  0.250285
   -7.135   -7.074   -6.841   -5.823   -5.794   -5.693   -5.653   -5.602    1.419    1.542
    1.588    1.661    1.682    2.338    2.361    2.571    2.624    2.823    2.850    3.480
    3.607    3.773    4.116    4.185    4.312    4.585    5.049    5.149    5.198    5.440
    5.447    5.810    6.054    6.353    6.494    6.648    6.906   12.723   13.237   13.351
   13.567   14.099   14.328   14.515   15.171   15.483   15.498   15.626   15.693   15.784
   16.218   16.269   16.305   17.771   18.080   18.237   18.335   18.495   18.551   18.664
   19.082   19.151   19.234   19.296
            0.666667 -0.000000  0.218999
   -7.164   -7.103   -6.868   -5.780   -5.755   -5.677   -5.653   -5.587    1.427    1.555
    1.587    1.694    1.698    2.312    2.335    2.576    2.593    2.873    2.902    3.494
    3.619    3.761    4.045    4.185    4.207    4.616    5.071    5.104    5.217    5.338
    5.408    5.838    6.086    6.369    6.508    6.668    6.874   12.616   13.254   13.367
   13.591   14.126   14.367   14.569   15.183   15.449   15.486   15.673   15.723   15.767
   16.249   16.278   16.297   17.742   18.097   18.217   18.303   18.488   18.524   18.673
   19.087   19.108   19.231   19.374
            0.666667 -0.000000  0.187714
   -7.189   -7.128   -6.891   -5.742   -5.723   -5.670   -5.650   -5.568    1.436    1.569
    1.585    1.703    1.735    2.289    2.308    2.532    2.606    2.931    2.958    3.505
    3.621    3.734    3.988    4.116    4.196    4.647    5.040    5.085    5.236    5.240
    5.403    5.866    6.115    6.376    6.516    6.685    6.840   12.520   13.273   13.385
   13.616   14.150   14.401   14.617   15.190   15.407   15.476   15.659   15.718   15.847
   16.230   16.257   16.387   17.711   18.102   18.194   18.267   18.482   18.503   18.692
   19.015   19.133   19.230   19.461
            0.666667 -0.000000  0.156428
   -7.211   -7.150   -6.911   -5.708   -5.702   -5.667   -5.641   -5.548    1.445    1.583
    1.583    1.711    1.771    2.271    2.282    2.494    2.613    2.991    3.016    3.513
    3.615    3.701    3.944    4.039    4.213    4.677    4.966    5.053    5.184    5.266
    5.415    5.891    6.140    6.377    6.519    6.701    6.806   12.435   13.290   13.403
   13.642   14.169   14.431   14.658   15.192   15.372   15.459   15.649   15.697   15.934
   16.211   16.246   16.481   17.680   18.098   18.172   18.230   18.476   18.487   18.718
   18.947   19.156   19.230   19.546
            0.666667 -0.000000  0.125143
   -7.229   -7.168   -6.927   -5.691   -5.680   -5.667   -5.627   -5.529    1.453    1.581
    1.598    1.717    1.804    2.256    2.257    2.461    2.616    3.047    3.073    3.518
    3.601    3.668    3.913    3.981    4.229    4.703    4.893    4.968    5.191    5.291
    5.435    5.913    6.160    6.372    6.518    6.715    6.774   12.364   13.306   13.421
   13.666   14.185   14.456   14.693   15.191   15.345   15.440   15.642   15.679   16.003
   16.194   16.247   16.570   17.651   18.086   18.153   18.198   18.470   18.475   18.746
   18.887   19.175   19.229   19.622
            0.666667 -0.000000  0.093857
   -7.243   -7.182   -6.940   -5.687   -5.667   -5.658   -5.611   -5.514    1.461    1.579
    1.611    1.721    1.834    2.235    2.244    2.435    2.617    3.093    3.126    3.521
    3.583    3.639    3.893    3.942    4.243    4.724    4.829    4.879    5.211    5.314
    5.457    5.931    6.176    6.364    6.516    6.726    6.746   12.307   13.320   13.437
   13.687   14.197   14.475   14.720   15.188   15.325   15.424   15.636   15.665   16.047
   16.179   16.260   16.650   17.626   18.066   18.138   18.176   18.466   18.466   18.771
   18.838   19.190   19.229   19.689
            0.666667 -0.000000  0.062571
   -7.253   -7.192   -6.949   -5.685   -5.667   -5.642   -5.598   -5.503    1.467    1.577
    1.623    1.723    1.856    2.219    2.236    2.416    2.616    3.127    3.169    3.523
    3.564    3.617    3.881    3.920    4.253    4.740    4.779    4.805    5.229    5.331
    5.476    5.944    6.187    6.356    6.513    6.723    6.735   12.266   13.330   13.450
   13.703   14.206   14.489   14.739   15.183   15.313   15.411   15.631   15.655   16.070
   16.168   16.281   16.713   17.607   18.044   18.127   18.162   18.461   18.463   18.791
   18.802   19.200   19.228   19.740
            0.666667 -0.000000  0.031286
   -7.259   -7.198   -6.955   -5.685   -5.668   -5.633   -5.590   -5.496    1.471    1.576
    1.631    1.724    1.871    2.208    2.231    2.404    2.616    3.147    3.199    3.523
    3.550    3.603    3.875    3.911    4.260    4.747    4.751    4.756    5.241    5.343
    5.488    5.951    6.194    6.350    6.511    6.709    6.740   12.241   13.336   13.458
   13.713   14.211   14.498   14.751   15.179   15.306   15.403   15.629   15.649   16.080
   16.160   16.299   16.754   17.595   18.027   18.120   18.156   18.457   18.462   18.779
   18.804   19.207   19.227   19.774
            0.666667 -0.000000  0.000000
   -7.261   -7.200   -6.957   -5.685   -5.668   -5.630   -5.587   -5.494    1.472    1.576
    1.633    1.724    1.876    2.205    2.229    2.400    2.615    3.153    3.209    3.523
    3.545    3.598    3.874    3.909    4.262    4.736    4.739    4.754    5.245    5.347
    5.493    5.954    6.196    6.347    6.510    6.704    6.742   12.233   13.338   13.460
   13.717   14.213   14.501   14.755   15.178   15.304   15.400   15.628   15.648   16.082
   16.158   16.305   16.768   17.591   18.020   18.118   18.154   18.456   18.461   18.772
   18.809   19.209   19.227   19.785
            0.633333 -0.000000  0.000000
   -7.291   -7.177   -6.945   -5.712   -5.645   -5.636   -5.582   -5.492    1.472    1.573
    1.632    1.724    1.872    2.175    2.256    2.398    2.629    3.149    3.217    3.451
    3.499    3.685    3.867    3.923    4.287    4.659    4.764    4.817    5.221    5.330
    5.522    5.958    6.195    6.337    6.508    6.710    6.752   12.238   13.288   13.474
   13.735   14.177   14.490   14.794   15.160   15.269   15.379   15.613   15.675   16.106
   16.182   16.318   16.770   17.592   18.006   18.127   18.159   18.455   18.475   18.757
   18.834   19.204   19.226   19.782
            0.600000 -0.000000  0.000000
   -7.350   -7.134   -6.915   -5.748   -5.655   -5.620   -5.568   -5.486    1.471    1.565
    1.626    1.726    1.860    2.135    2.282    2.403    2.664    3.150    3.223    3.331
    3.437    3.769    3.867    3.959    4.355    4.583    4.800    4.890    5.171    5.282
    5.588    5.971    6.195    6.311    6.495    6.730    6.777   12.255   13.174   13.505
   13.756   14.104   14.442   14.894   15.112   15.199   15.323   15.561   15.740   16.135
   16.263   16.372   16.775   17.594   17.971   18.143   18.176   18.470   18.501   18.747
   18.882   19.193   19.220   19.770
            0.566667 -0.000000  0.000000
   -7.416   -7.085   -6.877   -5.785   -5.679   -5.600   -5.551   -5.478    1.468    1.552
    1.617    1.727    1.840    2.100    2.287    2.430    2.712    3.135    3.201    3.236
    3.381    3.787    3.867    4.059    4.450    4.510    4.855    4.957    5.111    5.229
    5.664    5.990    6.196    6.276    6.469    6.759    6.813   12.282   13.038   13.530
   13.749   14.021   14.377   14.971   15.057   15.127   15.273   15.482   15.825   16.131
   16.373   16.478   16.786   17.596   17.924   18.154   18.205   18.496   18.543   18.755
   18.941   19.180   19.206   19.747
            0.533333 -0.000000  0.000000
   -7.484   -7.032   -6.832   -5.822   -5.706   -5.584   -5.533   -5.469    1.463    1.534
    1.604    1.727    1.816    2.072    2.271    2.475    2.768    3.049    3.095    3.277
    3.343    3.775    3.856    4.196    4.439    4.562    4.915    5.015    5.059    5.186
    5.738    6.015    6.200    6.238    6.434    6.793    6.855   12.316   12.894   13.542
   13.706   13.933   14.310   14.939   14.973   15.098   15.289   15.407   15.923   16.106
   16.473   16.622   16.805   17.598   17.873   18.160   18.245   18.522   18.609   18.786
   19.008   19.168   19.186   19.704
            0.500000 -0.000000  0.000000
   -7.550   -6.976   -6.783   -5.858   -5.734   -5.570   -5.517   -5.461    1.453    1.512
    1.587    1.725    1.791    2.049    2.247    2.530    2.827    2.926    2.993    3.318
    3.348    3.752    3.838    4.333    4.384    4.679    4.943    4.990    5.115    5.169
    5.804    6.044    6.182    6.223    6.392    6.828    6.899   12.353   12.748   13.537
   13.635   13.837   14.237   14.853   14.880   15.056   15.233   15.474   16.016   16.084
   16.557   16.772   16.833   17.600   17.824   18.163   18.294   18.544   18.696   18.837
   19.075   19.158   19.168   19.636
            0.466667 -0.000000  0.000000
   -7.615   -6.918   -6.732   -5.894   -5.762   -5.559   -5.503   -5.453    1.432    1.492
    1.568    1.720    1.771    2.030    2.219    2.585    2.805    2.857    2.918    3.297
    3.432    3.727    3.815    4.302    4.502    4.793    4.925    4.969    5.183    5.218
    5.859    6.077    6.142    6.235    6.348    6.863    6.943   12.380   12.616   13.511
   13.553   13.732   14.153   14.716   14.819   15.022   15.117   15.606   16.011   16.165
   16.630   16.866   16.909   17.600   17.788   18.164   18.354   18.562   18.792   18.910
   19.103   19.146   19.195   19.550
            0.433333 -0.000000  0.000000
   -7.677   -6.858   -6.678   -5.929   -5.791   -5.550   -5.491   -5.446    1.397    1.478
    1.546    1.712    1.756    2.010    2.192    2.605    2.721    2.766    2.970    3.275
    3.513    3.708    3.791    4.240    4.647    4.846    4.920    4.997    5.218    5.331
    5.891    6.104    6.118    6.238    6.320    6.896    6.987   12.338   12.553   13.439
   13.496   13.620   14.056   14.564   14.754   14.962   15.043   15.711   16.000   16.280
   16.698   16.901   17.024   17.594   17.775   18.165   18.423   18.578   18.878   19.002
   19.089   19.143   19.247   19.475
            0.400000 -0.000000  0.000000
   -7.735   -6.796   -6.623   -5.962   -5.818   -5.543   -5.481   -5.440    1.353    1.468
    1.523    1.702    1.745    1.989    2.168    2.530    2.639    2.769    3.036    3.253
    3.553    3.695    3.802    4.179    4.756    4.868    4.910    5.104    5.264    5.446
    5.890    6.094    6.152    6.204    6.340    6.927    7.028   12.211   12.576   13.346
   13.445   13.510   13.949   14.400   14.677   14.852   15.046   15.727   16.068   16.393
   16.765   16.935   17.115   17.582   17.789   18.166   18.494   18.594   18.934   19.067
   19.109   19.138   19.264   19.479
            0.366667 -0.000000  0.000000
   -7.790   -6.734   -6.568   -5.994   -5.845   -5.539   -5.474   -5.437    1.307    1.458
    1.499    1.691    1.736    1.963    2.147    2.432    2.539    2.830    3.097    3.233
    3.545    3.657    3.885    4.122    4.777    4.883    4.987    5.208    5.337    5.556
    5.857    6.102    6.133    6.207    6.390    6.956    7.066   12.060   12.622   13.253
   13.368   13.420   13.838   14.226   14.571   14.763   15.064   15.673   16.200   16.495
   16.828   16.974   17.185   17.572   17.821   18.166   18.548   18.624   18.951   19.015
   19.131   19.212   19.311   19.551
            0.333333 -0.000000  0.000000
   -7.841   -6.671   -6.513   -6.023   -5.871   -5.535   -5.470   -5.435    1.260    1.446
    1.475    1.680    1.728    1.933    2.130    2.341    2.449    2.896    3.139    3.228
    3.523    3.607    3.996    4.075    4.775    4.875    5.105    5.286    5.449    5.652
    5.811    6.068    6.123    6.243    6.460    6.982    7.100   11.905   12.672   13.163
   13.265   13.357   13.726   14.046   14.443   14.700   15.085   15.597   16.348   16.581
   16.875   17.033   17.246   17.567   17.863   18.162   18.567   18.669   18.923   18.954
   19.151   19.301   19.404   19.642
            0.300000 -0.000000  0.000000
   -7.887   -6.608   -6.459   -6.050   -5.895   -5.534   -5.467   -5.435    1.216    1.432
    1.451    1.667    1.720    1.896    2.115    2.262    2.370    2.957    3.142    3.251
    3.502    3.562    4.011    4.139    4.777    4.870    5.194    5.368    5.579    5.699
    5.795    6.003    6.143    6.277    6.545    7.005    7.131   11.750   12.717   13.079
   13.160   13.298   13.618   13.866   14.308   14.650   15.105   15.516   16.496   16.653
   16.899   17.105   17.316   17.570   17.908   18.156   18.569   18.677   18.865   18.950
   19.191   19.377   19.509   19.736
            0.266667 -0.000000  0.000000
   -7.929   -6.546   -6.407   -6.074   -5.917   -5.534   -5.467   -5.437    1.175    1.415
    1.428    1.653    1.714    1.853    2.103    2.198    2.304    3.006    3.125    3.280
    3.470    3.551    3.971    4.264    4.783    4.870    5.244    5.464    5.653    5.724
    5.841    5.947    6.164    6.307    6.641    7.026    7.158   11.599   12.756   13.000
   13.061   13.242   13.513   13.691   14.178   14.605   15.120   15.438   16.637   16.714
   16.910   17.166   17.411   17.580   17.951   18.148   18.567   18.616   18.865   18.951
   19.246   19.438   19.606   19.824
            0.233333 -0.000000  0.000000
   -7.967   -6.485   -6.359   -6.096   -5.937   -5.535   -5.469   -5.441    1.138    1.396
    1.406    1.636    1.708    1.809    2.092    2.151    2.250    3.035    3.103    3.289
    3.446    3.577    3.935    4.387    4.793    4.873    5.274    5.527    5.635    5.826
    5.868    5.946    6.185    6.334    6.743    7.045    7.181   11.454   12.783   12.928
   12.971   13.189   13.410   13.533   14.056   14.563   15.132   15.366   16.752   16.778
   16.918   17.214   17.528   17.595   17.989   18.137   18.530   18.564   18.886   18.957
   19.309   19.486   19.685   19.893
            0.200000 -0.000000  0.000000
   -7.999   -6.428   -6.315   -6.113   -5.955   -5.538   -5.472   -5.448    1.105    1.376
    1.385    1.615    1.703    1.768    2.081    2.116    2.208    3.045    3.082    3.265
    3.461    3.618    3.906    4.501    4.805    4.877    5.293    5.503    5.649    5.840
    5.969    5.989    6.207    6.356    6.846    7.062    7.200   11.318   12.797   12.863
   12.891   13.141   13.304   13.402   13.947   14.524   15.139   15.304   16.805   16.878
   16.924   17.256   17.611   17.659   18.022   18.125   18.447   18.564   18.908   18.965
   19.372   19.519   19.736   19.947
            0.166667 -0.000000  0.000000
   -8.027   -6.374   -6.278   -6.126   -5.971   -5.541   -5.475   -5.455    1.078    1.358
    1.365    1.588    1.698    1.736    2.072    2.092    2.177    3.042    3.062    3.221
    3.509    3.659    3.884    4.604    4.819    4.882    5.306    5.457    5.618    5.898
    6.030    6.064    6.234    6.375    6.943    7.079    7.215   11.194   12.793   12.806
   12.823   13.098   13.197   13.305   13.853   14.488   15.142   15.252   16.843   16.923
   16.968   17.300   17.630   17.789   18.050   18.115   18.374   18.566   18.929   18.973
   19.430   19.542   19.761   20.002
            0.133333 -0.000000  0.000000
   -8.050   -6.325   -6.250   -6.134   -5.985   -5.545   -5.479   -5.464    1.055    1.342
    1.346    1.557    1.695    1.714    2.063    2.075    2.154    3.034    3.044    3.175
    3.568    3.693    3.871    4.689    4.834    4.887    5.315    5.417    5.560    5.973
    6.066    6.129    6.275    6.391    7.021    7.103    7.226   11.086   12.752   12.764
   12.781   13.061   13.108   13.231   13.775   14.457   15.144   15.211   16.875   16.928
   17.027   17.345   17.647   17.910   18.074   18.107   18.313   18.570   18.949   18.979
   19.479   19.556   19.765   20.060
            0.100000 -0.000000  0.000000
   -8.068   -6.283   -6.232   -6.136   -5.996   -5.548   -5.483   -5.473    1.038    1.329
    1.331    1.527    1.692    1.701    2.057    2.063    2.139    3.025    3.031    3.132
    3.627    3.716    3.866    4.752    4.851    4.890    5.321    5.389    5.500    6.040
    6.094    6.162    6.327    6.402    7.062    7.147    7.234   10.996   12.708   12.725
   12.746   13.032   13.049   13.173   13.714   14.433   15.143   15.180   16.901   16.931
   17.068   17.388   17.662   18.011   18.095   18.105   18.265   18.575   18.966   18.984
   19.518   19.564   19.761   20.114
            0.066667 -0.000000  0.000000
   -8.081   -6.249   -6.223   -6.134   -6.004   -5.551   -5.485   -5.480    1.026    1.319
    1.319    1.503    1.690    1.693    2.052    2.055    2.129    3.018    3.022    3.098
    3.679    3.727    3.865    4.792    4.871    4.893    5.329    5.373    5.445    6.091
    6.115    6.178    6.374    6.410    7.077    7.197    7.239   10.929   12.673   12.697
   12.709   13.011   13.015   13.132   13.670   14.415   15.142   15.158   16.919   16.933
   17.093   17.423   17.672   18.069   18.095   18.142   18.231   18.579   18.979   18.988
   19.546   19.567   19.754   20.159
            0.033333 -0.000000  0.000000
   -8.088   -6.227   -6.220   -6.132   -6.009   -5.553   -5.487   -5.486    1.019    1.312
    1.312    1.488    1.689    1.689    2.049    2.050    2.123    3.015    3.017    3.074
    3.717    3.731    3.863    4.810    4.887    4.893    5.342    5.366    5.399    6.122
    6.128    6.186    6.406    6.415    7.083    7.231    7.242   10.887   12.650   12.680
   12.683   12.998   12.998   13.106   13.644   14.404   15.141   15.145   16.931   16.934
   17.106   17.445   17.679   18.088   18.093   18.187   18.211   18.582   18.988   18.990
   19.563   19.568   19.749   20.189
            0.000000  0.000000  0.000000
   -8.091   -6.219   -6.219   -6.131   -6.011   -5.554   -5.488   -5.487    1.017    1.310
    1.310    1.482    1.688    1.688    2.049    2.049    2.121    3.015    3.015    3.066
    3.732    3.732    3.862    4.816    4.894    4.894    5.364    5.364    5.365    6.133
    6.133    6.188    6.416    6.416    7.085    7.243    7.243   10.873   12.642   12.674
   12.674   12.993   12.993   13.097   13.635   14.401   15.141   15.141   16.934   16.934
   17.110   17.452   17.681   18.092   18.092   18.204   18.204   18.583   18.991   18.991
   19.568   19.568   19.747   20.199
            0.025000  0.014434  0.000000
   -8.089   -6.225   -6.220   -6.131   -6.010   -5.553   -5.487   -5.486    1.018    1.312
    1.312    1.486    1.688    1.689    2.049    2.050    2.122    3.015    3.017    3.072
    3.721    3.731    3.863    4.812    4.889    4.894    5.344    5.365    5.394    6.125
    6.129    6.186    6.408    6.415    7.083    7.234    7.242   10.884   12.648   12.679
   12.681   12.997   12.997   13.104   13.642   14.403   15.141   15.144   16.932   16.934
   17.107   17.447   17.679   18.089   18.093   18.191   18.209   18.583   18.989   18.991
   19.564   19.568   19.748   20.191
            0.050000  0.028868  0.000000
   -8.083   -6.243   -6.221   -6.134   -6.006   -5.552   -5.486   -5.482    1.024    1.317
    1.317    1.498    1.689    1.692    2.051    2.053    2.127    3.017    3.021    3.090
    3.691    3.729    3.864    4.799    4.873    4.895    5.332    5.369    5.432    6.102
    6.118    6.181    6.384    6.412    7.079    7.208    7.240   10.915   12.665   12.692
   12.700   13.008   13.008   13.123   13.662   14.411   15.142   15.154   16.923   16.933
   17.097   17.430   17.674   18.076   18.095   18.155   18.225   18.580   18.982   18.989
   19.552   19.568   19.753   20.168
            0.075000  0.043301  0.000000
   -8.074   -6.270   -6.224   -6.137   -5.999   -5.550   -5.484   -5.476    1.033    1.325
    1.325    1.517    1.691    1.697    2.055    2.059    2.134    3.022    3.027    3.117
    3.647    3.726    3.863    4.775    4.847    4.899    5.328    5.375    5.479    6.064
    6.100    6.173    6.345    6.408    7.069    7.168    7.237   10.966   12.689   12.718
   12.729   13.026   13.029   13.155   13.694   14.425   15.144   15.169   16.909   16.932
   17.079   17.403   17.666   18.041   18.098   18.114   18.250   18.577   18.971   18.986
   19.530   19.566   19.758   20.132
            0.100000  0.057735  0.000000
   -8.060   -6.308   -6.227   -6.142   -5.991   -5.546   -5.481   -5.469    1.046    1.335
    1.337    1.541    1.693    1.706    2.060    2.067    2.145    3.030    3.036    3.150
    3.594    3.722    3.858    4.741    4.811    4.906    5.331    5.385    5.531    6.013
    6.073    6.162    6.291    6.403    7.047    7.123    7.232   11.035   12.715   12.753
   12.764   13.055   13.062   13.198   13.740   14.443   15.146   15.190   16.890   16.929
   17.051   17.369   17.655   17.969   18.086   18.103   18.286   18.572   18.957   18.983
   19.500   19.563   19.762   20.086
            0.125000  0.072169  0.000000
   -8.043   -6.352   -6.231   -6.148   -5.980   -5.542   -5.478   -5.462    1.062    1.348
    1.351    1.567    1.696    1.720    2.067    2.078    2.161    3.041    3.046    3.186
    3.539    3.717    3.850    4.696    4.763    4.918    5.340    5.396    5.587    5.951
    6.037    6.149    6.226    6.399    6.995    7.092    7.226   11.120   12.746   12.794
   12.798   13.095   13.113   13.253   13.798   14.467   15.150   15.217   16.866   16.927
   17.010   17.330   17.640   17.874   18.064   18.112   18.333   18.567   18.940   18.979
   19.461   19.556   19.761   20.038
            0.150000  0.086603  0.000000
   -8.022   -6.404   -6.236   -6.155   -5.968   -5.538   -5.474   -5.455    1.083    1.363
    1.368    1.593    1.699    1.741    2.076    2.092    2.183    3.053    3.058    3.219
    3.492    3.712    3.839    4.643    4.707    4.933    5.352    5.410    5.638    5.886
    5.994    6.132    6.151    6.397    6.916    7.075    7.219   11.217   12.781   12.827
   12.831   13.148   13.183   13.320   13.869   14.495   15.156   15.249   16.837   16.923
   16.952   17.291   17.623   17.767   18.042   18.125   18.390   18.563   18.920   18.974
   19.415   19.546   19.746   19.994
            0.175000  0.101036  0.000000
   -7.997   -6.461   -6.241   -6.163   -5.954   -5.534   -5.469   -5.450    1.107    1.379
    1.386    1.616    1.703    1.769    2.088    2.109    2.213    3.058    3.071    3.236
    3.471    3.706    3.826    4.583    4.643    4.952    5.365    5.425    5.655    5.845
    5.944    6.069    6.111    6.397    6.823    7.060    7.210   11.325   12.819   12.849
   12.864   13.213   13.272   13.400   13.951   14.526   15.165   15.285   16.802   16.877
   16.920   17.251   17.603   17.657   18.019   18.143   18.456   18.558   18.897   18.970
   19.362   19.531   19.712   19.962
            0.200000  0.115470  0.000000
   -7.969   -6.522   -6.247   -6.171   -5.938   -5.529   -5.465   -5.447    1.135    1.395
    1.406    1.634    1.708    1.804    2.102    2.130    2.253    3.047    3.084    3.236
    3.488    3.699    3.812    4.518    4.574    4.973    5.371    5.441    5.610    5.859
    5.887    5.988    6.086    6.399    6.720    7.046    7.201   11.442   12.857   12.864
   12.892   13.287   13.379   13.493   14.042   14.559   15.178   15.324   16.753   16.794
   16.916   17.209   17.552   17.583   17.993   18.167   18.532   18.553   18.872   18.965
   19.304   19.508   19.660   19.939
            0.225000  0.129904  0.000000
   -7.937   -6.587   -6.253   -6.179   -5.921   -5.525   -5.460   -5.445    1.166    1.411
    1.425    1.649    1.713    1.842    2.120    2.155    2.305    3.009    3.095    3.238
    3.534    3.693    3.799    4.452    4.504    4.996    5.349    5.457    5.550    5.827
    5.847    5.961    6.059    6.403    6.612    7.030    7.190   11.565   12.874   12.883
   12.927   13.366   13.499   13.600   14.141   14.594   15.196   15.366   16.661   16.737
   16.911   17.157   17.460   17.563   17.967   18.195   18.548   18.616   18.844   18.959
   19.244   19.479   19.598   19.913
            0.250000  0.144338  0.000000
   -7.902   -6.654   -6.259   -6.187   -5.902   -5.523   -5.455   -5.445    1.201    1.426
    1.445    1.662    1.719    1.879    2.142    2.184    2.371    2.946    3.105    3.250
    3.591    3.685    3.791    4.387    4.434    5.022    5.271    5.472    5.527    5.762
    5.764    6.012    6.029    6.410    6.501    7.012    7.179   11.693   12.880   12.896
   12.969   13.447   13.629   13.718   14.243   14.629   15.220   15.408   16.545   16.690
   16.906   17.087   17.392   17.544   17.941   18.228   18.541   18.706   18.814   18.955
   19.186   19.441   19.533   19.872
            0.275000  0.158771  0.000000
   -7.863   -6.723   -6.265   -6.195   -5.882   -5.522   -5.450   -5.446    1.238    1.439
    1.464    1.675    1.725    1.912    2.169    2.218    2.449    2.872    3.111    3.267
    3.643    3.676    3.797    4.325    4.369    5.050    5.152    5.484    5.533    5.662
    5.700    5.998    6.073    6.392    6.418    6.993    7.167   11.823   12.883   12.901
   13.014   13.530   13.765   13.843   14.346   14.664   15.251   15.451   16.420   16.642
   16.900   17.000   17.346   17.530   17.915   18.266   18.529   18.783   18.796   18.955
   19.132   19.397   19.467   19.804
            0.300000  0.173205  0.000000
   -7.821   -6.793   -6.270   -6.203   -5.861   -5.523   -5.447   -5.446    1.277    1.451
    1.481    1.688    1.732    1.940    2.201    2.257    2.538    2.793    3.112    3.282
    3.665    3.670    3.834    4.271    4.314    5.014    5.079    5.489    5.538    5.570
    5.641    5.966    6.119    6.299    6.427    6.971    7.155   11.954   12.884   12.901
   13.056   13.616   13.903   13.968   14.443   14.704   15.288   15.492   16.292   16.592
   16.891   16.905   17.316   17.520   17.891   18.307   18.512   18.755   18.861   18.983
   19.085   19.347   19.401   19.711
            0.325000  0.187639  0.000000
   -7.777   -6.864   -6.276   -6.210   -5.838   -5.528   -5.448   -5.442    1.317    1.461
    1.496    1.702    1.738    1.963    2.240    2.301    2.624    2.728    3.105    3.291
    3.651    3.673    3.897    4.227    4.273    4.868    5.109    5.446    5.480    5.576
    5.594    5.934    6.094    6.277    6.436    6.947    7.143   12.084   12.882   12.898
   13.091   13.705   14.041   14.089   14.531   14.750   15.330   15.531   16.163   16.541
   16.812   16.879   17.291   17.518   17.870   18.352   18.488   18.732   18.870   19.046
   19.065   19.295   19.335   19.610
            0.350000  0.202073  0.000000
   -7.729   -6.936   -6.281   -6.216   -5.815   -5.537   -5.449   -5.438    1.356    1.470
    1.510    1.716    1.744    1.982    2.282    2.350    2.609    2.775    3.091    3.289
    3.634    3.667    3.965    4.195    4.254    4.718    5.138    5.340    5.449    5.569
    5.596    5.905    6.004    6.321    6.446    6.921    7.131   12.211   12.880   12.893
   13.118   13.795   14.174   14.198   14.605   14.807   15.372   15.566   16.036   16.493
   16.726   16.864   17.264   17.523   17.853   18.398   18.459   18.716   18.849   19.012
   19.169   19.246   19.267   19.518
            0.375000  0.216506  0.000000
   -7.679   -7.006   -6.285   -6.222   -5.792   -5.549   -5.449   -5.434    1.394    1.477
    1.521    1.732    1.749    1.997    2.326    2.404    2.542    2.885    3.067    3.276
    3.616    3.659    4.022    4.175    4.262    4.572    5.165    5.234    5.407    5.557
    5.614    5.879    5.905    6.377    6.456    6.893    7.120   12.334   12.877   12.887
   13.133   13.886   14.289   14.298   14.669   14.872   15.413   15.598   15.916   16.452
   16.651   16.844   17.230   17.537   17.842   18.433   18.444   18.705   18.815   18.980
   19.195   19.197   19.282   19.444
            0.400000  0.230940  0.000000
   -7.626   -7.075   -6.288   -6.227   -5.768   -5.563   -5.448   -5.432    1.426    1.484
    1.530    1.748    1.753    2.011    2.356    2.460    2.490    2.996    3.034    3.263
    3.599    3.653    4.049    4.165    4.298    4.443    5.129    5.187    5.369    5.548
    5.630    5.811    5.857    6.433    6.465    6.864    7.110   12.449   12.873   12.881
   13.135   13.976   14.357   14.409   14.726   14.938   15.443   15.625   15.809   16.421
   16.590   16.822   17.189   17.556   17.837   18.414   18.487   18.698   18.774   18.947
   19.133   19.161   19.374   19.389
            0.425000  0.245374  0.000000
   -7.573   -7.142   -6.291   -6.230   -5.745   -5.580   -5.447   -5.429    1.452    1.492
    1.536    1.757    1.765    2.024    2.345    2.484    2.518    2.993    3.074    3.281
    3.583    3.650    4.031    4.163    4.296    4.408    5.028    5.197    5.346    5.537
    5.641    5.732    5.841    6.472    6.485    6.834    7.102   12.553   12.870   12.876
   13.124   14.061   14.398   14.502   14.782   14.998   15.453   15.647   15.727   16.399
   16.547   16.799   17.142   17.579   17.836   18.406   18.525   18.690   18.732   18.908
   19.084   19.134   19.351   19.438
            0.450000  0.259808  0.000000
   -7.520   -7.204   -6.293   -6.233   -5.724   -5.596   -5.446   -5.428    1.466    1.502
    1.541    1.760    1.780    2.036    2.304    2.512    2.573    2.950    3.088    3.365
    3.572    3.648    3.952    4.165    4.259    4.474    4.934    5.194    5.342    5.524
    5.638    5.680    5.829    6.478    6.531    6.805    7.096   12.640   12.868   12.874
   13.103   14.136   14.414   14.572   14.837   15.039   15.435   15.664   15.685   16.381
   16.526   16.779   17.095   17.601   17.837   18.408   18.552   18.677   18.698   18.872
   19.053   19.115   19.325   19.457
            0.475000  0.274241  0.000000
   -7.475   -7.256   -6.295   -6.235   -5.707   -5.610   -5.445   -5.427    1.473    1.511
    1.544    1.761    1.791    2.047    2.270    2.539    2.617    2.912    3.075    3.476
    3.565    3.650    3.840    4.167    4.249    4.545    4.853    5.186    5.348    5.512
    5.613    5.670    5.823    6.481    6.564    6.782    7.092   12.702   12.866   12.874
   13.079   14.194   14.412   14.616   14.888   15.053   15.408   15.671   15.675   16.368
   16.521   16.765   17.060   17.616   17.839   18.416   18.564   18.662   18.680   18.849
   19.037   19.104   19.310   19.423
            0.500000  0.288675  0.000000
   -7.454   -7.279   -6.295   -6.235   -5.700   -5.616   -5.445   -5.426    1.474    1.514
    1.545    1.762    1.795    2.052    2.256    2.549    2.635    2.896    3.068    3.539
    3.562    3.660    3.767    4.168    4.248    4.580    4.816    5.182    5.352    5.508
    5.600    5.670    5.821    6.482    6.576    6.772    7.091   12.725   12.866   12.876
   13.068   14.217   14.407   14.631   14.912   15.052   15.396   15.669   15.678   16.362
   16.522   16.760   17.046   17.622   17.840   18.421   18.566   18.654   18.675   18.841
   19.032   19.100   19.305   19.412
            0.500000  0.288675  0.031286
   -7.452   -7.277   -6.294   -6.234   -5.704   -5.619   -5.446   -5.428    1.469    1.520
    1.544    1.759    1.790    2.058    2.258    2.550    2.635    2.883    3.047    3.544
    3.582    3.675    3.779    4.163    4.243    4.575    4.812    5.180    5.354    5.510
    5.595    5.682    5.826    6.480    6.575    6.774    7.089   12.725   12.871   12.874
   13.070   14.216   14.409   14.627   14.911   15.048   15.399   15.664   15.671   16.364
   16.523   16.756   17.048   17.636   17.844   18.409   18.562   18.650   18.671   18.831
   19.031   19.106   19.296   19.437
            0.500000  0.288675  0.062571
   -7.446   -7.270   -6.290   -6.231   -5.715   -5.629   -5.449   -5.431    1.458    1.532
    1.542    1.752    1.775    2.074    2.263    2.552    2.637    2.850    2.995    3.558
    3.636    3.706    3.823    4.146    4.228    4.562    4.799    5.173    5.360    5.516
    5.580    5.714    5.839    6.474    6.570    6.779    7.084   12.726   12.868   12.886
   13.075   14.212   14.416   14.613   14.910   15.036   15.406   15.648   15.652   16.370
   16.527   16.742   17.051   17.673   17.854   18.377   18.546   18.640   18.665   18.792
   19.036   19.123   19.285   19.455
            0.500000  0.288675  0.093857
   -7.435   -7.260   -6.283   -6.225   -5.733   -5.644   -5.453   -5.438    1.446    1.538
    1.545    1.741    1.754    2.099    2.270    2.554    2.639    2.804    2.929    3.577
    3.714    3.735    3.896    4.123    4.211    4.542    4.779    5.161    5.368    5.527
    5.558    5.761    5.862    6.464    6.562    6.786    7.075   12.727   12.859   12.911
   13.085   14.205   14.425   14.589   14.909   15.015   15.418   15.623   15.627   16.378
   16.534   16.722   17.056   17.731   17.867   18.335   18.513   18.621   18.667   18.727
   19.053   19.145   19.284   19.437
            0.500000  0.288675  0.125143
   -7.420   -7.246   -6.274   -6.217   -5.757   -5.666   -5.459   -5.447    1.435    1.533
    1.556    1.726    1.731    2.128    2.277    2.555    2.640    2.758    2.863    3.599
    3.764    3.803    3.975    4.099    4.203    4.518    4.753    5.142    5.377    5.529
    5.543    5.819    5.893    6.450    6.549    6.796    7.063   12.727   12.849   12.944
   13.101   14.195   14.433   14.554   14.909   14.986   15.433   15.590   15.606   16.387
   16.543   16.698   17.064   17.801   17.878   18.294   18.465   18.578   18.660   18.681
   19.073   19.169   19.295   19.416
            0.500000  0.288675  0.156428
   -7.402   -7.228   -6.262   -6.207   -5.788   -5.693   -5.467   -5.458    1.425    1.527
    1.565    1.707    1.707    2.160    2.283    2.556    2.633    2.719    2.806    3.622
    3.798    3.883    4.022    4.092    4.231    4.496    4.727    5.117    5.388    5.495
    5.562    5.885    5.931    6.433    6.531    6.807    7.048   12.725   12.838   12.986
   13.123   14.180   14.436   14.507   14.901   14.960   15.449   15.557   15.591   16.395
   16.553   16.670   17.074   17.877   17.880   18.261   18.411   18.493   18.621   18.704
   19.090   19.192   19.315   19.398
            0.500000  0.288675  0.187714
   -7.379   -7.206   -6.248   -6.195   -5.825   -5.725   -5.477   -5.472    1.417    1.519
    1.569    1.684    1.686    2.193    2.283    2.556    2.611    2.700    2.763    3.642
    3.837    3.916    4.027    4.138    4.286    4.486    4.707    5.085    5.401    5.455
    5.586    5.952    5.973    6.412    6.507    6.819    7.030   12.723   12.830   13.034
   13.151   14.159   14.432   14.450   14.861   14.964   15.464   15.529   15.586   16.400
   16.564   16.638   17.086   17.870   17.953   18.242   18.357   18.389   18.593   18.734
   19.102   19.213   19.341   19.385
            0.500000  0.288675  0.218999
   -7.352   -7.181   -6.232   -6.182   -5.868   -5.762   -5.489   -5.488    1.410    1.509
    1.567    1.663    1.664    2.225    2.277    2.559    2.577    2.696    2.736    3.655
    3.879    3.903    4.017    4.236    4.319    4.504    4.711    5.049    5.412    5.417
    5.611    6.017    6.017    6.388    6.477    6.831    7.009   12.721   12.825   13.086
   13.186   14.129   14.382   14.417   14.799   14.992   15.478   15.507   15.593   16.402
   16.574   16.602   17.098   17.850   18.021   18.230   18.285   18.312   18.568   18.770
   19.111   19.230   19.365   19.380
            0.500000  0.288675  0.250285
   -7.321   -7.151   -6.213   -6.168   -5.915   -5.802   -5.506   -5.503    1.405    1.498
    1.560    1.638    1.647    2.237    2.281    2.542    2.570    2.698    2.722    3.661
    3.876    3.918    4.007    4.325    4.351    4.523    4.762    5.009    5.368    5.436
    5.638    6.060    6.075    6.362    6.439    6.845    6.987   12.721   12.825   13.142
   13.224   14.090   14.307   14.391   14.726   15.034   15.491   15.494   15.612   16.400
   16.562   16.583   17.110   17.826   18.069   18.161   18.245   18.288   18.547   18.812
   19.118   19.244   19.383   19.384
            0.500000  0.288675  0.281571
   -7.287   -7.118   -6.192   -6.153   -5.967   -5.845   -5.526   -5.518    1.401    1.486
    1.547    1.614    1.633    2.216    2.309    2.510    2.589    2.700    2.717    3.659
    3.850    3.942    3.999    4.334    4.467    4.530    4.848    4.972    5.331    5.457
    5.666    6.098    6.120    6.334    6.394    6.860    6.963   12.724   12.832   13.200
   13.265   14.042   14.226   14.355   14.646   15.087   15.490   15.508   15.640   16.393
   16.518   16.588   17.119   17.802   18.062   18.085   18.242   18.296   18.533   18.858
   19.121   19.257   19.388   19.398
            0.500000  0.288675  0.312856
   -7.248   -7.082   -6.169   -6.140   -6.022   -5.889   -5.549   -5.535    1.398    1.473
    1.532    1.590    1.619    2.188    2.339    2.482    2.616    2.702    2.720    3.650
    3.829    3.943    3.991    4.368    4.542    4.566    4.931    4.950    5.313    5.482
    5.695    6.129    6.149    6.306    6.342    6.877    6.938   12.732   12.846   13.257
   13.307   13.986   14.144   14.309   14.562   15.150   15.494   15.528   15.675   16.383
   16.469   16.590   17.124   17.777   17.976   18.078   18.239   18.328   18.524   18.909
   19.121   19.274   19.378   19.419
            0.500000  0.288675  0.344142
   -7.207   -7.042   -6.144   -6.134   -6.078   -5.931   -5.573   -5.553    1.397    1.460
    1.515    1.567    1.606    2.159    2.364    2.457    2.650    2.701    2.730    3.635
    3.815    3.925    3.977    4.427    4.568    4.623    4.968    4.978    5.338    5.509
    5.724    6.148    6.155    6.280    6.286    6.898    6.912   12.746   12.870   13.312
   13.348   13.924   14.062   14.253   14.474   15.220   15.505   15.552   15.716   16.369
   16.415   16.587   17.122   17.742   17.921   18.065   18.234   18.367   18.517   18.964
   19.116   19.295   19.352   19.445
            0.500000  0.288675  0.375428
   -7.161   -7.000   -6.158   -6.117   -6.117   -5.963   -5.599   -5.573    1.396    1.446
    1.498    1.547    1.593    2.133    2.382    2.437    2.691    2.699    2.746    3.611
    3.810    3.887    3.969    4.505    4.609    4.622    4.979    5.041    5.410    5.539
    5.754    6.131    6.150    6.231    6.260    6.887    6.920   12.766   12.902   13.363
   13.385   13.859   13.985   14.187   14.385   15.296   15.522   15.580   15.762   16.352
   16.359   16.578   17.109   17.693   17.904   18.054   18.231   18.403   18.510   19.023
   19.107   19.309   19.324   19.476
            0.500000  0.288675  0.406713
   -7.113   -6.954   -6.216   -6.143   -6.089   -5.977   -5.627   -5.594    1.395    1.432
    1.481    1.528    1.580    2.110    2.392    2.420    2.694    2.737    2.768    3.579
    3.814    3.834    3.973    4.584    4.590    4.660    4.963    5.147    5.508    5.571
    5.783    6.076    6.134    6.182    6.247    6.862    6.943   12.794   12.943   13.410
   13.418   13.793   13.913   14.114   14.296   15.376   15.544   15.610   15.809   16.302
   16.335   16.564   17.084   17.644   17.915   18.050   18.231   18.434   18.498   19.086
   19.094   19.255   19.358   19.512
            0.500000  0.288675  0.437999
   -7.061   -6.906   -6.281   -6.184   -6.059   -5.973   -5.656   -5.616    1.395    1.420
    1.465    1.511    1.568    2.091    2.395    2.406    2.688    2.784    2.800    3.539
    3.774    3.827    3.988    4.530    4.662    4.712    4.965    5.264    5.606    5.611
    5.811    5.999    6.105    6.130    6.233    6.838    6.964   12.829   12.994   13.446
   13.451   13.728   13.848   14.033   14.209   15.458   15.569   15.644   15.856   16.244
   16.317   16.545   17.043   17.608   17.942   18.052   18.236   18.458   18.479   19.072
   19.154   19.199   19.397   19.552
            0.500000  0.288675  0.469284
   -7.007   -6.856   -6.348   -6.234   -6.028   -5.959   -5.687   -5.638    1.395    1.409
    1.451    1.496    1.558    2.075    2.394    2.394    2.682    2.818    2.851    3.492
    3.711    3.848    4.014    4.471    4.668    4.795    5.014    5.382    5.642    5.706
    5.836    5.912    6.070    6.071    6.214    6.815    6.983   12.870   13.052   13.467
   13.487   13.667   13.791   13.946   14.128   15.537   15.597   15.681   15.898   16.188
   16.302   16.525   16.989   17.589   17.977   18.058   18.249   18.453   18.476   19.028
   19.161   19.226   19.439   19.596
            0.500000  0.288675  0.500570
   -6.950   -6.805   -6.415   -6.289   -5.997   -5.940   -5.718   -5.661    1.394    1.400
    1.439    1.483    1.549    2.063    2.386    2.390    2.675    2.848    2.910    3.440
    3.650    3.875    4.048    4.410    4.633    4.893    5.099    5.496    5.680    5.767
    5.834    5.857    6.006    6.034    6.186    6.795    6.997   12.916   13.119   13.480
   13.516   13.611   13.743   13.855   14.056   15.611   15.627   15.722   15.930   16.135
   16.287   16.511   16.926   17.582   18.016   18.067   18.268   18.422   18.488   18.960
   19.148   19.301   19.481   19.643
            0.500000  0.288675  0.531856
   -6.892   -6.753   -6.483   -6.346   -5.965   -5.921   -5.749   -5.682    1.393    1.393
    1.430    1.473    1.543    2.054    2.379    2.385    2.668    2.875    2.972    3.385
    3.596    3.906    4.087    4.352    4.584    4.995    5.201    5.602    5.702    5.720
    5.832    5.872    5.965    5.998    6.150    6.778    7.007   12.965   13.191   13.481
   13.540   13.566   13.703   13.763   13.996   15.656   15.671   15.768   15.951   16.087
   16.269   16.511   16.857   17.583   18.056   18.077   18.287   18.397   18.496   18.881
   19.149   19.376   19.522   19.688
            0.500000  0.288675  0.563141
   -6.832   -6.703   -6.548   -6.399   -5.934   -5.903   -5.780   -5.700    1.388    1.392
    1.424    1.465    1.538    2.047    2.374    2.381    2.663    2.898    3.035    3.328
    3.552    3.938    4.126    4.301    4.535    5.099    5.304    5.607    5.696    5.760
    5.779    5.874    5.970    5.981    6.107    6.765    7.013   13.011   13.268   13.464
   13.541   13.560   13.672   13.672   13.951   15.681   15.715   15.812   15.965   16.048
   16.242   16.534   16.786   17.588   18.087   18.096   18.283   18.399   18.501   18.804
   19.155   19.444   19.558   19.723
            0.500000  0.288675  0.594427
   -6.775   -6.663   -6.607   -6.444   -5.906   -5.890   -5.808   -5.713    1.385    1.390
    1.420    1.461    1.535    2.043    2.372    2.378    2.660    2.913    3.092    3.274
    3.523    3.964    4.157    4.264    4.497    5.195    5.383    5.534    5.697    5.770
    5.800    5.857    5.956    6.007    6.066    6.756    7.016   13.047   13.341   13.440
   13.529   13.575   13.592   13.650   13.923   15.700   15.743   15.842   15.980   16.021
   16.213   16.575   16.719   17.592   18.093   18.131   18.257   18.425   18.503   18.743
   19.160   19.494   19.587   19.742
            0.500000  0.288675  0.625713
   -6.741   -6.659   -6.627   -6.464   -5.892   -5.885   -5.822   -5.718    1.384    1.390
    1.419    1.459    1.534    2.042    2.371    2.377    2.659    2.919    3.122    3.246
    3.513    3.974    4.169    4.249    4.483    5.248    5.391    5.534    5.643    5.815
    5.821    5.828    5.953    6.017    6.046    6.753    7.017   13.061   13.378   13.435
   13.512   13.560   13.581   13.642   13.914   15.707   15.753   15.850   15.989   16.012
   16.199   16.609   16.677   17.594   18.095   18.148   18.241   18.440   18.504   18.717
   19.163   19.512   19.600   19.748
